8089.92247848
6585.84761404
-4149.24677803
-8031.80519358
-376.286537422
-5445.97500713
7737.81508076
-2854.18301068
590.283486637
-2874.20426762
1178.16886368
-8072.15698932
1825.75097925
-4075.13228542
-8057.61121295
-2924.85765343
-4112.96922616
-793.306621533
7085.45472384
-8430.98582169
8733.43224424
-5074.98656049
193.498516267
-534.249238443
-5890.8046166
-8433.48624109
-9546.68294603
8420.55029011
2107.84635563
-9806.49307961
4654.20496882
601.686282594
-6756.27587327
6797.18056189
-3952.64821792
-7954.33198843
6741.88267051
5478.43779582
-8930.77620083
-9557.1877952
7697.31337321
-9850.71342029
-6953.67888101
-1754.82232532
9834.87304035
-8539.18748995
6783.7610388
6305.38300967
481.813123795
8085.79743276
1443.87454719
-8035.89746693
407.931738633
-8250.22436181
6862.03801822
3072.73554866
-8067.53352302
-9850.6294425
-2557.06188381
-8082.10771413
-3545.47459393
-5961.04015292
-5160.14398363
-9800.85397999
3017.14823247
9853.89431005
2005.69557381
8320.78529403
1121.66789994
5089.86591833
-9001.02345605
506.027074122
-8810.1237702
1155.86772044
-6072.3016844
7227.56372107
1201.95105632
-7050.44774547
-7707.65868499
2980.14312482
-5741.12724442
-4365.0151703
-6638.32159344
594.303218772
7828.7457058
8359.40438351
-3125.74644753
-2817.42353786
1830.63101634
-9736.19935921
-5345.45419613
4401.83663355
7576.52945911
3940.33123958
3454.47132535
9980.80335975
-5518.56081394
5820.03087442
-5322.14082255
-6352.64808928
-5608.4928089
5775.91110473
2898.57377694
-6184.97643597
-8802.46170459
7892.40206927
-4684.52844945
9025.5333125
7556.48570039
-7783.40897057
175.399282408
-1285.72121373
-582.71234247
4419.70032844
7935.78153358
2341.73047514
2074.84042638
-2612.64338261
7393.99843206
43.6603035927
-4842.7383703
-309.653515657
8144.18904035
-7603.17247643
-4310.61822149
-8857.14059567
7472.99783325
356.276477308
-9471.30896419
1607.01098927
-956.389616208
4358.21702197
-6992.49309095
5869.17656927
-936.614458983
3869.96135789
2029.31437687
-2196.89143062
-2648.6204536
-7707.56934816
9674.10636944
9440.49199931
-8365.56550457
-3762.27515285
-2913.37163861
-5311.89919452
-4312.22528183
3371.79255002
6518.98398362
-4132.90437208
-8457.85903633
-3067.69272049
-5686.52184712
731.792241187
4565.07059853
2525.72479706
4940.22933315
7209.50715943
1013.38879595
-5156.72088459
-8995.85619102
7698.00235886
9769.55495857
3575.79650998
-6869.63759732
1733.53543525
4042.15981216
-8545.02487376
2500.13365493
7167.47771196
-4761.76402761
1287.01646623
1449.28366397
5233.07581041
7549.45517623
5131.57656399
2889.66956172
8323.25701538
1039.24001234
-4603.4367289
6511.91115717
4671.35080605
8566.0394289
7329.64555727
5068.55797213
-9334.67245641
-628.341349944
-3367.65937562
-8785.04236878
-4432.94210092
4231.12806463
-4661.11422538
-255.358840482
4429.16129406
6.3889935886
4421.4480709
9179.83680844
7243.19964413
7477.3650114
5860.38008132
8003.19183694
3155.17132963
-1255.63815517
-1397.56719331
-2979.39756884
-1635.87475632
2057.75177803
1770.15540241
1328.6533403
2820.06460824
1928.02881089
3149.01039333
-631.821770674
4317.06852275
5336.48773958
9542.90106672
-4603.1832377
-3250.41035502
1637.40901632
6374.18930441
6494.03781244
2522.95808688
-1301.6041815
-9614.17689341
-4306.80511061
3904.25450998
-2436.85127608
6324.81051802
9979.35460169
-7869.02156162
4940.41860602
4925.97545954
142.867884612
4591.93110165
181.494119425
-6930.55734198
-8865.92180884
1851.48389791
8233.62952352
498.089515451
-7825.18872427
-4906.88642513
500.979342632
-8470.00562985
7912.81510436
-1529.46312439
9950.30736878
-6853.69486116
915.676715732
-528.710844143
8094.49560328
2408.54197947
8925.72956112
-1516.97315511
-5381.79086645
-5176.82780435
-5502.47166342
-1761.51441671
4458.87305387
6557.442195
7644.25947869
6386.90756202
8867.62701955
5368.28753207
3769.92106677
-4458.23583687
-4606.13057582
-9869.87778471
-7185.12397226
5650.75755393
-9598.32966217
-5369.89249931
-5988.58464772
-9651.05043535
7615.86774201
-3262.41206902
-9984.19746188
-7928.82840138
1360.10662516
6871.80998179
7720.00698132
-1403.99042541
6043.51772999
-272.400419278
-4713.52779044
6477.74819933
5643.75987666
-3806.32929847
7739.17936033
6319.86216177
3934.93465352
4532.73349638
8363.22331272
1592.90478641
-9353.70237258
1655.71195838
8830.36676989
-1275.14339542
1140.14643715
-822.079004189
7829.84780326
9023.82108061
-8056.12231596
-70.6982547211
6563.07940518
-4728.91774361
-7457.45462691
7820.36076163
-8679.18276947
-3552.96132687
-2232.14560294
-2291.45008825
7820.98573217
7028.76828968
2712.50949803
6194.27831102
-9430.17100988
-5254.08075695
-9305.78811682
7935.78864443
-1011.43738613
7184.21750816
-7803.38278498
-4140.20224175
-1696.43433042
9329.12979597
-4433.05256399
2233.10627066
-2843.54573564
9252.86040226
1625.79001666
-4041.30880284
1706.67282586
6019.89860182
-4515.19367472
-68.8530949018
-6112.95696475
-8117.87263925
3152.59797021
5670.44914468
-7980.65416342
7728.63493548
6704.96125358
1873.14681315
747.035270432
-4793.19232894
-5665.74607159
1445.38261836
3364.86174023
-5930.44544173
4513.07743614
-1859.03150069
6301.76998832
8436.38439624
3110.54786379
-2244.13674531
4144.54573186
-4257.60518959
7057.9428635
-4476.12059418
5802.60696472
-3261.80989282
-246.445173151
-8147.1466961
5651.884559
6545.05329769
6336.07726581
-7396.63573577
-4098.94527604
-9447.67272156
-7982.0066387
4672.98917935
-977.337306737
-7027.84912923
-2266.11815207
-3701.44118184
-431.234128984
3598.92565904
-1651.22512931
7500.62887997
7792.85398914
132.095250688
558.079725925
8289.37590985
5001.59784172
6376.96746656
-8480.41458797
4821.32583066
3296.9995243
7946.71779233
-9808.19995981
-1362.13700661
-7794.90448074
8246.92650266
443.016322263
5251.98696044
-1889.52925949
9491.26310615
9990.44065941
5135.21387658
-3623.02488138
-4953.55388371
6856.35712708
-5666.69527573
802.986030863
7703.63748282
2725.00300582
-2588.01975579
8079.06299384
-5190.80067725
4090.49583032
-4129.41578027
882.818972441
1967.3850254
-3994.83739602
-9406.1830357
-7500.18973858
1301.1625497
6279.14711494
-2553.71818876
8711.33329798
-7356.41463688
3891.92832832
-9297.23753808
-4589.89180363
3503.63162689
262.761525602
-3048.28939236
7789.92191841
-4006.3542558
-8515.6611616
474.980663688
-2028.81413178
-2707.09268133
5854.93852734
-3127.49812242
-8485.92555473
-8953.21118297
5744.35585176
-9250.20757738
-2918.68727458
186.07961873
-4437.46855516
3150.65334702
-373.315806851
7346.12581209
-5577.12514873
-2000.12029651
5254.09369786
2853.27111629
-648.225841671
-2083.45778451
8826.52271884
5910.98255527
1268.61995182
-7901.48349036
-895.041830241
-6251.78894402
-4538.35064762
9554.00045932
2511.56466606
7279.97293391
-153.526391046
-3539.53127525
9170.9713804
8788.0255331
9859.3839981
-399.238108298
828.209272329
-9430.1875344
7097.73148279
1976.4246296
4100.43913113
7027.4244805
8762.26940115
-2161.51381006
8908.83741958
-1051.42988397
6195.69289743
2440.57307813
2404.48333742
-1892.71846865
9994.89684565
5118.77370721
-6649.70600647
-4374.77548174
-4894.31395888
-1827.65337709
7513.68697123
8489.3863808
1674.30924923
351.578359766
9422.83289961
4660.09975461
-2795.06235941
8364.30640906
-6075.12366385
111.668265339
-6984.31697659
3394.66796565
-9254.61215269
4818.54023101
9127.45444686
7346.93724308
4026.36541141
-5473.39370339
1590.21591337
-6658.61075323
2399.87842885
-3390.68317854
4853.7377251
-9439.29881702
-687.035369915
9258.95835833
-2175.43563684
-3092.51876407
5343.23737392
5459.34970891
3331.73126641
-4550.63134499
-6048.44625762
-8346.99130883
1048.06220777
4239.65033314
5948.65436832
9249.67626532
4415.74432186
-2044.06379657
1864.54555952
-4355.86281948
-4870.44488184
-1427.11205066
265.816854145
6778.22768295
9694.73745255
4506.71279714
9871.54962822
-8946.85360075
-3750.91230111
-4433.43937864
-5417.04223009
-1965.32027081
6528.40386418
-3753.17562514
-6734.45930395
-6977.87531831
-2506.9999167
-810.202955794
-3110.60132476
7987.54912751
1378.82476165
-2590.42757186
1460.95450203
9448.73814047
9132.49757303
9101.94583031
7332.39541746
-4139.30055638
-289.619309729
5280.07296682
-9455.12606907
-7640.24081094
-9699.72222862
5613.48830408
9234.99590614
-3501.12315713
-4886.37342654
-5424.36030053
8204.22132291
-5012.63577401
-8947.97697405
-6208.31283158
4235.04319961
4175.97050316
-6312.5341415
-1302.91640105
3471.94078306
-7165.9135448
9046.59247797
6389.69309615
1238.49109239
1676.78641556
2090.39993848
8261.15889948
318.186612402
488.127510963
5477.48625379
7351.82655529
-8195.10783932
438.773225937
9143.49053026
-5819.69048005
9684.42148504
-5558.47394169
-7735.36110187
732.839296684
7834.55598139
3716.38223696
-2650.900646
-2077.25462657
1216.90836851
904.811193491
-4412.07873664
-8016.3875684
371.151281317
7782.62053321
-1298.79829352
-453.317668404
8081.31201645
2013.6305997
-7736.73672951
1596.30024717
-9455.82615897
-7766.88247589
-5696.48028524
949.418593772
-6083.8631287
-2147.81422695
-9358.71052653
9360.81594849
-2588.47629283
-6300.53467764
-7018.05377019
2901.4692414
1370.95129955
8827.17049387
-8837.30191979
8864.68721812
-786.743117776
7494.02584457
-2851.17822955
7577.95611426
5280.95627964
5640.15623089
-1251.21837264
8455.21676694
1915.05533409
-7143.19670071
-685.415065543
2516.60939705
3849.00009659
-3737.7127178
-1648.00594613
3567.93981277
6609.70910849
5971.37723986
-9152.62755719
-8280.64307865
-2672.85600217
7517.7069447
-2099.90405247
2772.76717324
-9546.71560336
-4725.91446224
8161.02177018
-6001.43874075
-2550.27970991
8468.36622104
4682.15668193
-7011.31877513
1180.0985462
-2522.90732783
-9217.94912666
-5250.66185353
7690.80165718
-3928.25480085
3568.33747171
3930.61090026
-3162.02352312
-5467.58302793
-9430.47768031
4366.20120241
-8515.16479444
4723.38643559
6979.85053633
-488.953263289
-2630.73624353
-174.625296629
-2351.82835581
-7524.76512411
-1957.63772049
2208.19887569
-1564.09786269
7440.26376051
-7335.55320645
6645.97722381
-1568.43168303
591.358445023
-8018.75452293
1936.8903041
-3484.62776519
4180.51286073
-716.050630532
-1123.01121175
5764.44023873
-4113.55250481
-3668.8830305
-635.488300527
9332.28192407
8685.43379425
35.2931975595
8988.65203968
4880.55250229
-9736.44950609
8279.53486396
2007.29344568
-8579.90115917
6507.45117733
-7692.06085382
-5436.091286
-9183.52048921
-6927.92486952
1018.7780914
8848.18256159
-2307.04624322
-1686.01424352
-4911.78932272
3823.24912167
8982.88039637
-8596.58334726
-1502.60422732
1103.7709752
-1607.2220446
6339.7142609
6703.98644027
4890.73102421
-9545.65991435
155.030800031
-4317.7375479
-8922.87903104
-3789.54127398
9945.61703745
1122.48066834
1823.02021449
322.907481145
6274.79959869
-5188.17266019
6360.71218008
4339.8778398
2740.52218652
9556.5611686
-5072.71340743
-18.6486813349
4191.34111249
-771.621898856
-1602.57451251
5963.41214057
-2625.87413669
751.151342416
4159.13352348
-1762.14797205
-3507.23572528
-8485.45324324
-6328.59751051
8020.90210357
5463.19701197
9277.88753732
1175.03730507
9789.9841229
1642.05166551
5251.66801914
-1160.64855467
8343.56975763
-9913.97631137
-5781.61606901
7214.59199223
1128.01469256
-7035.78100255
-8651.06244661
7275.44397141
-8398.99747526
-2596.3330053
-9288.34925101
-7199.00946168
-9047.45781309
5991.52521414
-2993.52379718
7812.34804461
2481.16612272
-4066.64250087
-7579.79333253
-8202.73208833
-4835.08380829
-7342.53723055
-7155.03494562
-4084.01163656
-1990.73431461
7106.46820481
3580.56575544
7144.94286469
5833.57840161
-7881.99098397
7914.859384
2624.92251275
4251.40464339
5339.67964813
-1428.08008604
-7859.57160592
8407.58883309
-689.398856463
2669.50617797
6069.83695743
-7804.93905777
1332.39836143
-5929.41959539
-7945.27616911
-5258.56554485
384.207384685
-6850.71062698
-8772.20221834
-6828.5560139
-3333.41430124
-9077.35759576
-730.361995081
9369.63177348
2468.010156
-2651.24320538
-1429.17241227
-5506.88058284
-735.517925576
7333.65477653
-3405.92626346
6885.83775037
2710.1792551
7616.6441052
6373.09339986
-7753.56643373
-7322.16566703
7514.75438842
-9499.76201612
9351.66303137
7568.84509101
6099.2258358
-1126.5100193
272.142465789
5033.76636868
2029.37201496
-9887.93404914
-4990.57154014
9649.53897098
4840.33175005
-183.791339271
-581.342120409
4575.85977752
3576.32626423
2876.41462587
2909.54901051
-1476.41395381
-8074.29098712
7355.39341779
8968.92044104
-3398.66907785
2247.30939396
-6506.94704386
-7871.70548477
-808.167279284
3057.93904458
724.736332685
4833.86347337
-8835.81558035
-578.033279983
7276.72523894
421.016225437
-9107.76030005
-7664.51008833
-6579.60463178
4858.38455778
2878.60053908
2305.80590075
-6162.00478127
-5138.50629864
-4760.18247467
-8899.27668821
3934.18159733
-501.878976997
8140.1311382
8347.27889495
587.495635653
7539.20403621
-3223.59752745
-3389.16184451
-9274.9619629
7245.51974994
8635.22319452
6568.6808683
-7398.59982518
-2737.98334412
-7064.18124279
3119.62043571
1964.29555123
4371.5066147
-5384.82872698
-5080.37181171
9535.19707427
1267.31315691
-4805.26839692
2132.24711114
1026.67124579
9308.78466228
-2607.67244793
-9848.93465756
-2500.68160676
-5384.69233572
-9121.04068543
913.13366681
-4025.77343209
-3000.54850132
7956.59112379
8451.24354604
-1768.48797538
-2905.07002272
-275.735080068
-2114.16159881
-836.292283836
-8716.42843921
-390.523395246
-7622.95411668
3416.9147982
-332.84247145
-1950.7186128
6434.04576339
9622.76844256
941.720959824
-6267.56552965
9103.18479173
1657.92554858
-3434.9774337
-3314.1333105
7466.13816371
2652.29349387
168.69678959
-8190.83032709
7175.99502262
-8205.77279446
-8157.82233785
-2804.83332478
7197.823299
2505.75857484
-1305.28286074
1775.52471025
7527.12884636
-1946.57112908
9910.89705495
-938.448468517
-6394.43859201
3538.73313602
5203.2053192
8799.87577924
-1931.59290331
-9737.9012592
-2067.9906607
-8679.05411934
-4658.28216443
-1126.92983304
-6256.96166852
6254.22690764
7810.20144551
-344.829659705
-3019.73672868
419.758030351
-5409.91457443
6530.09435413
4502.77825016
-925.433344797
6610.73761171
3464.90672244
-7876.52231443
9124.14809294
-6700.80814316
7017.54019951
7531.09795515
-3667.98402741
3944.41701579
-6973.99436414
-9219.36021183
-2500.80653048
7700.19177802
-4584.44847329
-9259.67838545
-644.946982536
4577.54703323
4184.09153862
3181.67580491
-9047.51167648
-1493.59008972
138.500395996
4615.90694292
5327.51977339
3248.68135915
-1296.28559034
6061.90742036
4561.17316534
8393.70442291
2125.36138182
-8144.09215498
793.778406249
-2622.0486515
-7815.42190663
-4438.0613912
6435.14911122
-2504.73576755
-7308.85139897
8125.61305115
-1534.00331294
1918.02493393
-8062.71321314
1918.39447258
-8337.67166335
3591.22796261
-696.030506324
9217.59053055
5626.19949221
406.291564901
-8010.2518633
3990.66916266
5739.33167381
3360.72357282
1665.57358001
-9014.00076971
-9446.00391733
1780.68481153
-3439.61597909
-2585.18208153
-9252.64474629
