-6141.40492375
1168.57689021
3736.60014044
-6154.5216357
9500.20638387
7625.48963705
-253.741995109
8159.88406939
-8107.72156005
6535.99180353
-2003.519863
-6464.32394633
4377.95192091
-9306.29351365
-9014.58748129
-368.999852269
-9001.00183189
-3248.11124501
-6496.36714172
8051.10609091
6203.65452046
-7694.52849503
6387.56309398
5047.91574103
-4647.73458999
-3383.81898072
-3570.40728794
2061.32516338
-8742.93760854
156.249956447
-5380.79715511
-4600.80043601
3503.77245378
1568.54207141
-3144.02606251
-4059.34714439
-955.076999809
-952.25683651
8547.57193371
1788.89379914
-5742.2681946
1006.53740624
-3689.18040925
-7881.85587471
5953.68143772
7521.46035853
8757.33400673
5437.56767443
6873.14491962
1443.30231701
6743.64374386
-3264.70260583
3709.6304445
7075.09257077
4386.01858046
2894.2947145
-5738.88127778
8277.95784621
-6246.9533516
5383.45161575
-1100.93611849
7134.81065473
3542.29677307
8263.49532016
-4560.99896796
-7114.77329208
1715.68800549
-3446.91581798
-1795.20307562
8860.0955324
-2078.98364915
7599.61754392
800.338939677
-6079.21371772
977.551923465
-4883.48092537
-3830.61306459
-5417.75120747
-1361.61148104
6637.55766993
-8630.7282091
-5866.60783614
-3442.07615427
-4681.99601561
-7550.83115952
1425.35605217
-1709.26413855
-4504.00098794
4813.55043126
-3556.75864009
-2130.70519515
-5005.94083404
-1416.79342698
8153.78028072
6984.36650395
2225.29786212
7147.42076658
-3610.72722271
9157.54215935
7373.04406636
-1108.29134062
1957.17611552
-8818.90199711
-5378.41626421
8061.39429166
1388.0362701
9524.15535516
-690.257576564
3893.10294562
1972.16778845
-8044.3365923
-8546.17660048
6089.18541392
-9661.3427851
5911.45954235
7182.2772952
-8161.35686235
-8389.9580388
-4884.15053824
-2829.45169122
7179.79491332
5119.4992419
5486.12437932
-9959.9959046
2215.64838013
-307.117468087
740.624506403
-5155.3572449
