7026.328795
-7208.94831661
-7155.38804593
-7406.65259831
-193.212196117
2562.9507923
-9133.48511703
7469.2624555
-6573.92344389
-1189.98391539
5692.92767423
9457.88770877
3209.11468857
-4352.02753599
6999.90667115
6945.83075012
-6984.09692062
7877.75237955
-3908.25180146
991.033523533
-8805.14524121
-7743.6865097
-2259.12294005
-9592.10289763
7986.76478803
4151.88835406
-4154.23123287
4613.97166443
7409.35181006
-5402.49132717
2660.19246265
6913.86895535
-2772.0790265
8442.45140104
-5387.58033485
1600.11086889
786.012991229
-8997.12774732
1260.12634208
-6776.2535602
-1758.54662061
-2893.92338743
-2997.75004348
-2910.95814966
-2959.77574859
1986.78948377
6588.16521959
2534.09167264
8002.79627386
136.067229653
-6862.70022134
-1999.7020142
5854.15729671
353.207018402
1543.65518463
-5989.12437174
9859.3587258
723.524354385
9920.1227904
-3583.89316721
-8987.21804583
8020.6129763
7471.53941764
1289.80980865
1512.43821314
-3400.83845972
-5229.47989471
9747.04054582
-7582.44894007
-9803.02868904
120.449625975
-3848.06572096
5951.13636063
-4860.16763344
-1481.88260382
3736.76431908
-11.7530174645
9796.67413414
7473.56681497
-8320.15849211
8919.26464757
2168.3259669
2484.99098078
-4208.9299734
9710.63068205
887.499761618
2970.55404279
-5920.39890525
2752.12459349
1031.11498333
5030.44207545
9816.23509205
4583.49268861
-3700.48040582
1658.3642753
8788.11684001
6711.91093943
5414.94273121
7160.37272331
7800.45490891
-898.711384738
-5963.54162721
-115.022793949
9589.47041776
-5937.49135977
4933.41504031
8654.49506459
6731.78235054
2287.59229782
-8381.92591345
1992.94757066
-3926.10503535
-9836.50135993
-4877.11857247
4238.19885323
2079.013849
-1941.87498271
890.300838678
-4778.64920874
-4859.41371861
4131.74622907
6038.44477567
-4660.05959375
-9396.74657655
-6368.28719664
-4608.40516619
4856.07758776
3035.80383557
3602.60228853
7204.64103804
-6800.93906479
-7102.19394148
-8748.82843073
6712.94525101
-3935.75352057
-4763.67678245
9298.45526184
-3309.07778909
-8362.3285723
-190.696588793
894.064271356
5792.91146158
5922.2450329
5416.70343329
-2933.19767597
-7895.7771417
3503.91434348
-6032.67016791
-6495.09273392
-2613.51321238
4437.49629322
57.6588224158
2354.27981046
8352.09612614
-8624.27910102
2324.33870161
-4864.6464189
4003.7438656
-9601.45631022
2934.33371765
4827.74944009
1095.689651
-1340.73270558
-8208.83220728
650.237855822
-1915.49024423
9129.64161291
-582.111474384
6172.21246924
7890.91004324
7126.21121713
-9731.14154835
2945.73931949
8927.45699827
-1206.62399813
-6900.75769042
-7400.55841364
-5755.41485543
2885.93719185
2577.19271011
-5059.12675696
-1855.90705965
7330.41349042
-2924.22936046
-5747.45454705
8919.7220077
2440.32708898
4738.22637657
-288.077993791
8180.38149334
-2913.59954613
9173.69690588
-2941.27830281
-8260.61900958
9616.59549911
-5781.59790439
-6447.40816414
-6936.88275123
-8033.81104726
9198.25530741
-8166.99496063
1277.67474612
-7400.16294874
-5117.95658497
-5292.20346696
-3880.49684617
1909.21739576
9646.79136621
-5087.61101673
313.577365559
8737.02962466
-7516.43532287
-1424.56306249
1777.87679744
-1191.77381555
2543.19532872
4882.29436574
2264.08252828
-5971.77735188
-6502.35072827
-6905.12713206
-2202.21618435
2184.03670559
-4153.73875588
7149.16321589
690.457529298
-9659.18210645
-8961.82067907
-6941.14869091
-4947.77951099
-8042.61829347
-7886.52444457
-310.051578651
-7379.95645221
734.0799832
3428.61578191
-6803.18004184
6885.1004714
4027.27708047
-1880.05064016
9275.15747729
8203.80227215
-822.152821436
-4821.51734783
732.119202447
-9480.17712107
7914.03398125
-3443.70391932
-5325.64932645
-3695.88699025
-1488.4416554
8300.48002064
3717.94418018
-9772.5894333
1263.02757189
-810.950739699
-4884.48560765
9132.06872235
-2987.69299121
-8233.95518253
-5451.55708006
1005.27597962
2698.80028271
870.417873863
-7049.47360672
-3572.44511977
9856.4954101
-1508.3131177
-1846.61551919
-4577.33998741
-3698.03211749
-8702.33295294
-2711.85888486
3677.03959145
3458.89112243
8414.85271194
-1351.05917794
3225.22724858
-2671.86377753
7983.82315796
-9405.40642687
-6272.76591135
-914.000281252
-3487.55388965
-9875.75241947
-3246.29386258
-2531.76080872
-7066.46681496
-1623.54774701
9498.79696896
847.530880492
-5104.12188699
253.18852639
-9997.90798702
-771.532043626
1790.82225653
-3830.0792816
4793.71029156
-9868.38827988
4889.8600437
5655.72763618
-1002.499059
-2548.22704105
9582.80376046
9087.4073349
-602.517216114
-2216.87921475
-7410.750181
-4649.62802348
-3509.25557325
3241.29837434
5068.51696354
-569.946849378
-2779.11280525
6972.17453571
548.939680464
7245.69659484
8521.20766997
-8061.89709494
2390.13540113
9560.68090768
4176.86435866
5052.84464446
107.596312181
-5932.98873658
3522.99541455
336.478652161
-6505.87424052
-7320.66071653
-3956.85189946
-193.39945638
-5303.15035069
9190.23462777
3114.7145977
2457.54529913
-7956.38861616
6326.51551057
835.39242511
8809.10009516
-7777.04957475
9933.25707734
2222.32409895
3187.51967507
-7872.39145591
4784.31384743
-4943.06577162
4508.9870195
9455.06091912
9416.2078438
8662.96171315
-6967.81203089
-1310.55725895
7538.83088161
733.431044653
9629.96597139
-1679.78583465
-5271.78026109
9551.73903427
-4786.90832475
-8654.15885916
4692.78930417
5454.42320448
-1872.02750678
8334.32212415
8241.79376083
-6266.78912435
9107.35267235
-6206.55876605
-853.041852665
3093.64274609
4563.6029863
2829.27360073
-3143.69026652
-9755.76600026
4957.63254261
-7019.3524189
-916.60598356
-7573.97862483
-2254.72220613
7213.17389527
-3206.31909069
4378.69944899
-3933.14425642
2510.63384715
1553.20198829
3513.73440262
-9751.97657116
-5919.25944817
2682.40519818
9602.12732218
-7019.89640908
-5839.57514083
2970.2089451
-6072.03199885
-8683.72430574
8131.98770529
8563.77985488
-7150.31569704
461.708267468
-1769.38530484
7193.72228968
7084.33399734
9590.69227029
2815.49819468
-8592.74599999
694.767203972
6298.5655042
1283.41588481
-1816.56801438
6784.45645242
-9846.75423192
1960.22235441
1290.29618803
-59.9708049023
-2046.62410567
-2286.90843782
-7957.937709
2288.92803434
-5014.66994415
9690.2721299
1662.53742982
-9808.56785531
47.8461332232
5826.53209816
3216.52521805
2694.56517432
5762.18449678
9046.43980624
8302.53304598
7734.19049006
-4114.18155994
-3050.64058039
3138.61410159
-1224.48013957
-7264.38368824
-8271.13678501
-6308.82083871
-2489.32170292
8591.07408703
8449.1830081
-6955.19659533
6048.99089067
-9451.77174345
-8193.71529369
-7893.99548057
-4806.20228068
968.398459164
7080.00778087
-7859.99358163
-323.824169738
6628.96966017
5559.84844656
-4081.35155375
-4062.34621845
-8486.77332072
4636.78230256
936.314328506
-39.8763771398
-9199.53152176
8571.49121666
-7615.85349233
2199.88057211
-3182.33486893
6967.91344008
-6749.09567859
3871.83108179
8246.84142755
4963.6362428
9580.6519646
8739.47067467
-2560.70196111
-6157.45571829
2585.75158212
-6543.55873862
2154.68649408
-7116.79725002
2041.68680061
4818.61299099
4408.54904826
-7267.5077996
3257.16121572
-4447.63356515
-1948.75122509
9139.17248493
-143.217814139
-8245.84765953
-4962.72080223
-3827.97202568
1336.93805699
4660.94417189
4038.48264885
-1603.86357924
7003.63913405
-7262.12822545
848.847507712
4048.91288876
-6477.00025304
-6980.31751356
-2841.3225529
4223.61525161
-5918.27761105
-3522.63430545
-5077.24280893
1166.59270053
-9076.14949403
-6194.00707834
-8241.12064941
6230.12971999
4989.42812004
-9821.66113666
-764.829861331
4718.47969803
8192.85081501
8339.98843182
-1927.64939355
7341.87179285
-2495.3988698
-2254.30133994
7573.36391953
5091.5509637
-4942.01738233
-115.156421621
-4759.38683563
-5800.9253698
5810.66494253
-7668.95995314
-3797.764738
5524.14274736
-9128.82585623
-1980.02564596
326.776298353
2745.09840225
5335.5655397
-7882.20406508
-8807.16558014
-3359.76201732
-7205.31948767
-7525.61212543
-285.191239763
4983.50961584
8755.69435136
5410.79466542
-3265.31349319
-9195.79426646
8912.59582061
-1538.85655302
-100.689036061
2627.48279624
-4853.10533242
7783.26224538
5148.2365654
6413.25365497
2977.47547382
-2442.22435654
-3500.45010659
-1580.79603062
-9686.90368134
9719.46093639
6758.29370921
9595.8863501
4285.84492944
-1504.07832012
1695.76049182
-6640.06682113
2630.50346654
6692.67925652
8793.11847917
9319.97259954
-8892.61716476
-2319.94529044
-8802.07894816
9914.94840346
7723.05983739
7389.09761499
8188.81963557
-5761.93501136
484.37600791
-9095.39128776
5481.09770503
2108.69865841
-1477.1902374
-2864.60012468
6507.00037386
8649.44162247
9508.61517613
-3174.34874223
7292.8728387
6901.53462715
288.410573224
-8874.53434863
-5767.95360023
-3620.61646722
7952.32329601
8887.71042414
-9758.48242521
-2442.14421848
6404.00214866
-9867.78446597
3928.54793723
-4271.17040821
3433.97289988
-9919.87155545
-2677.40118871
9114.49571566
1062.78298829
-908.615548719
-6959.65634616
3407.83486202
-2002.05874841
5407.03193182
6459.15057349
124.697336512
9757.02151047
-3778.1976659
6079.60635399
-1940.78411531
5533.10497378
3256.83423098
9972.32437827
9237.22804669
5972.02238175
8468.81098777
5543.21124816
-6351.61907877
4997.64760919
2392.85899773
-6957.1217576
1364.32063608
-306.37096909
-4804.94268476
6797.72199175
-6143.27981911
6091.80787288
-8768.86860453
901.80652525
-2985.81520551
2605.62487878
1716.84796796
2698.67838109
-8805.59932109
2395.30076711
-6602.62671444
-9195.24590915
2604.15534445
-2051.26322411
-9262.63120218
6047.64347229
-6694.95847631
4141.38815187
-2121.52692216
-8798.26563121
-2367.35263835
-6958.02567682
-8173.19213917
-1023.71345285
4584.85591599
640.306833263
485.610119362
2310.96651297
-7307.33670206
-2743.06882668
-3789.73842737
-8470.74072019
-1366.66980809
-1260.41200094
-809.723270228
-9081.3569214
-5132.08419891
-5087.6889363
6247.89303904
1948.7075254
9398.92978605
6568.39815047
4910.39748992
-8959.96676744
2276.24238208
7796.5737167
2187.76014422
9804.72929571
-6759.7359976
4294.69336887
847.153300467
4172.7731491
9488.49237885
-2702.0351233
6913.66827304
6196.90849103
2684.49788923
8362.68506839
6269.17453644
9136.72912285
3317.43298562
-3833.00276083
-9292.30330677
-2564.51265581
7780.549164
-9643.67492654
-6953.57187682
-8093.24285503
-9075.85089934
7996.52237829
-5451.02665892
4908.36629278
-8858.20350753
-9316.07149006
627.145795692
2072.63962993
1386.61915607
1276.3578974
5938.87655418
2832.8396504
-8940.3790045
9187.48529705
-2880.13762974
3524.27654734
-5263.86919309
-48.5149699176
3962.78412442
7548.13564094
2324.75008896
6129.50504855
-511.639817667
-8898.64369149
-6717.09731956
-814.8774178
1248.98622086
-3796.86087773
-8105.55540685
3825.31677248
-6534.35955706
-1503.5254411
-8086.93993518
-7171.42127028
-1971.24445122
-8706.16787863
9047.83746822
-8690.62038919
7339.55515259
-2181.69666504
3568.1700524
5694.86365711
-3460.03235338
-2617.61545166
4334.71758049
-5887.17141501
8588.12307329
5248.19847768
9851.99563168
-484.880614647
-4673.9252638
2232.16584459
9715.4848828
6199.00623059
-2280.84883056
-799.620464016
-8236.13020629
2737.42730541
2699.21468302
-352.467328166
-2743.46713857
-4853.13584119
2473.39403807
-3357.19882427
-1911.64771974
-350.715552586
-8422.95795148
3672.92970473
8322.21233824
8485.12372928
-4731.5897366
-9519.75687027
631.142580065
8529.68479749
5115.54111855
-9920.52660589
9927.9091201
-6773.75287847
-3077.57313294
3302.13031863
2711.71482576
-9863.10770485
-4838.31809383
-2078.16475505
834.086970091
-9257.63600578
6918.77792441
-9976.44481587
4876.93318004
-9727.73728577
7709.0371582
-8268.37394864
4587.23790385
2012.53782832
-2008.13655294
-3473.45679323
-334.222345162
564.865150152
-4485.20892846
-4819.48270872
-3709.29646843
-6125.23766434
-8124.06544702
5710.7840463
2397.98790689
7202.0351982
-5956.6337815
-6361.08350137
-9494.72261873
7915.3089163
4469.29224383
2945.3785029
3847.53486047
9125.05863075
304.25472075
1357.15682028
4602.31034112
-4789.31918559
-2955.48487977
-9396.8711116
3903.78102642
-8623.16494955
-478.110395565
-5966.37336364
-3082.87002802
8322.79734754
7287.31881572
-2983.58707184
-9139.95212853
9131.21224221
-5630.52143202
6795.5164023
-7346.84695336
-3145.19626758
-6933.66016658
-9518.74184025
2203.897967
-9591.72409495
-8293.82902122
-7600.98048485
-3738.3278238
6413.74687968
6844.21080236
-3971.20724521
-7658.88514581
2390.92332228
-9325.25229053
9726.90469052
-1702.73342047
8585.67850945
38.6895995403
-4763.04450704
8606.28489747
5163.26759749
-534.411137968
-2012.93986998
8807.06596939
-9402.32446186
-3831.36190271
8384.15947019
684.865773971
3882.38894146
1978.66105006
-3396.21021835
9382.44512043
1563.1985767
-3360.26117091
-9218.2931452
8587.47546384
6829.80765005
4279.34888949
8448.85391957
8878.46742371
-7116.73566719
5404.06096596
6226.60760138
5270.22988384
-8167.20986827
-4915.79434393
5023.26191227
9282.20471994
6414.66859316
7006.89464112
-9789.59046866
-4000.98023717
5516.12002209
-1333.72075393
-9453.40349252
-1567.21721448
8938.23917476
4471.51688272
9338.97151107
1015.87762133
5352.5983251
1451.27126245
-1065.98297083
-7219.22153913
9184.78076198
6697.64099843
1051.19985696
7558.81043526
1696.89567644
3004.29391623
7553.50928661
2764.81782092
-867.698878913
8839.48998023
8494.31819606
-7123.66559759
-8906.95913827
-9350.39651429
9721.17522432
5975.4610641
-2435.25722062
4898.83968311
-6339.92838712
6803.17364071
8506.82770396
-7255.55502443
4500.91697119
4741.92260007
-7648.65811037
8576.72214488
7621.02634393
-6652.77478385
-2560.56408121
8787.26165659
-4816.61608828
-6059.71058769
-7515.49487474
7829.7757161
3105.42938187
-8477.09064268
8528.58177539
9685.04602839
6412.43812783
313.956035155
-3557.97402883
-6487.70996476
4400.40519482
-2325.66190268
-7716.05646371
-3890.66276148
-5710.30403464
131.428885575
-5709.66281137
-8647.35156078
87.5367941014
210.515437046
1763.7928205
-1312.91381946
2255.38401737
7885.13209162
2254.85557231
2234.81286064
4867.47075096
2581.7557445
7172.71018146
-8440.85142522
-6407.37034352
-3104.36472634
2242.00418148
-8157.01993882
4319.66489612
6133.00733948
-6475.00883945
-5777.45754307
456.029479686
-5450.3306473
-7201.73352566
-2987.48142537
-6574.27706053
4404.76822222
6652.80797286
2011.84208417
-162.187309743
-4336.04336003
9451.52748266
-3654.7363727
1832.05940822
-7527.88966483
8962.53883932
-5098.25595426
7849.014877
-6451.58457709
-4566.19301382
6425.51092879
-8649.41048321
6918.70814876
9624.82900292
6675.84283069
-5854.03795438
-6429.39733133
-3903.75253932
5529.30162687
-9047.48329602
9491.72733197
-3368.29332486
-3085.65866906
-3576.43567619
-9511.03219716
5800.90128321
9443.40579177
-9975.90725383
-7671.1632761
6924.00052804
2207.82168872
-9937.24075419
7892.99446371
-9318.71409589
1022.12953221
924.078188235
5352.5719355
3230.74329508
3332.22134739
6380.09276259
-2147.81611203
-8606.38239495
9287.21225537
-3776.5033198
7950.7614321
-4990.53582851
-7224.19726563
823.199711979
7346.08854343
-9483.5158414
-4554.32827378
4294.56936525
2771.51285462
-9894.66469072
-8582.02721849
5189.35559538
8746.30241838
-1534.00706819
1021.99842803
-9678.22353911
-5234.36762976
-910.709655697
-1319.81958598
-9366.62005389
7368.68461158
-9840.29685837
-8473.36332942
9871.8516789
5077.15092821
-3797.247111
2455.14590862
4022.95218579
-2998.7479624
5682.06978379
7863.15165409
-3228.98504789
-8018.80431932
-9400.64438802
-7701.25855545
9483.47496192
8785.26914918
657.544436696
246.511226689
-4952.37971975
9880.3557849
-5757.6092272
-2267.7915796
8154.58983705
3739.68334096
8634.55932995
-5945.34565072
-6141.80768471
7636.47894738
-3604.74230104
4177.57450669
1820.23854473
4269.28852285
1989.21485238
-7546.434193
9625.22015465
-863.742897614
9463.70322831
7304.43049868
-7108.06047716
2267.97289098
-2157.10345161
-7974.37522207
-8610.35943124
-1941.23379821
3896.85497973
6342.73780797
-639.024265166
-167.967953759
6116.23951662
9377.18703767
8489.77107649
743.395124887
4832.12829744
9630.846634
7687.73187789
-1616.23956004
-2102.75048342
6284.3187785
1886.8303934
9628.61075788
6975.30492329
1184.60365921
-9548.83311467
4764.89644794
-1795.71820908
-3578.61382829
5484.21758678
99.8508216921
3251.53656286
-5182.42404899
6855.11298228
161.454317192
-3069.28613006
-2739.07427343
-9129.16083097
-4585.25610523
8489.8521463
97.904621132
1554.21284603
-4776.68442832
4270.92517009
8724.72218576
-9346.1628394
-661.097032311
-3371.53199325
-1267.29716267
7360.54102161
9405.04319194
-2794.84338549
7036.38172226
5945.88738114
-4681.48739341
459.481762962
-350.828944834
7563.46902597
-243.634343365
-752.009713909
-6060.80922205
-2903.31220321
7569.61476135
-1905.38246299
6814.32266306
-4981.72328677
-3788.45516482
-2692.09282649
-3601.01181057
6532.80766102
4732.21490659
-7859.77409851
-2331.09635972
6545.00735578
4832.03110981
1208.18473639
-7358.36308479
7730.78502965
-6645.73178456
7052.37941113
2538.96422969
8252.50030913
6997.56293396
-4781.01379266
6780.88694471
6873.67414039
-8310.37891371
-8109.71506978
-2077.3814716
-6450.34436135
-1113.91321658
-8776.97959888
-2593.95027329
-1873.34164234
-2504.54672186
-6788.83715798
7442.07197685
5202.37653035
-7163.36051254
5232.82950892
-6111.40459372
1676.3573097
-4803.18857145
-4807.47563134
-6201.88940822
-1105.52171274
-1566.0592509
6731.54101929
-4183.43704424
-1251.09867052
-8758.22867012
9354.73648482
-4893.3865145
8681.13329805
4751.80023743
-3032.91557555
-5438.69448822
-477.72517014
-2697.38374245
8382.58728698
-694.982722095
2735.37245253
-858.068334365
-3165.87661204
-8420.91433644
5314.98842543
1277.54068007
-9195.28380857
-5134.07900283
1801.04941779
-4813.41717607
-3514.31656896
5477.41858483
8128.86384103
51.3606478765
2886.31529904
1864.03936688
-7546.99827854
-805.108235782
5966.15135555
-5184.19816031
-7829.94993145
8604.87808628
-867.366162902
-6802.69827947
8267.79730361
2219.96567828
-2346.84885395
-4700.450105
3854.30402899
-6046.9999528
-8668.47154012
-1500.59851373
6437.42308457
-3483.1950295
-7925.7763641
-9338.48555412
-108.250781555
-4740.71554544
-5286.30878722
3590.7457235
-2604.55429604
6970.01584738
8261.37787138
-3102.22099662
-142.476880465
1049.48530434
-232.919744772
-2461.31107622
-2780.61448293
2835.12161772
-7573.10436569
-7816.92576935
-3282.88135144
-2649.76759652
-3655.77731153
5162.45126793
9644.04701428
-2463.50578053
-6749.90039938
5268.06806533
-8232.09363785
-8093.49033406
3132.58985426
-3533.48911855
-1947.33447215
-3157.83103145
-4465.55506516
7718.1522538
9914.5233064
-4603.64794644
-5609.99404374
-3436.57022013
-9528.70207332
9528.54873732
5751.58024211
8567.60218775
1698.5997079
5445.63028885
8163.3719734
5655.64186738
1885.04946654
-7676.95473847
-9374.44249426
-546.116293255
2747.89857725
3578.19143746
7048.38406869
-9779.34915247
-7779.54689822
-7246.67991833
9511.48974502
2298.5674996
-6413.54267441
2487.33550261
-6271.93738527
-3076.34497323
1253.63354911
-8693.95324379
-7569.73545891
-1797.69733453
5479.03429261
7636.53569757
-474.352565977
-1373.20987783
7542.38718902
-9636.18459914
9997.13091589
-3931.11101025
-5297.1871266
-9240.28447445
2453.95294257
-6849.64927421
-7305.94741329
34.5091186577
-79.5138590197
-4735.17232838
-5425.81277717
-7397.42881977
9990.33692759
-2948.2210213
6720.7007535
-7706.7106265
-3397.96825867
5915.96408758
2092.30534904
2363.13436835
7128.44800898
4556.80747924
8230.29407627
3371.94209099
-5675.11871139
3773.18452338
-7156.81370632
-6315.42598549
-5675.4392808
8057.20976813
-709.443133774
6872.11375173
-9023.37735402
9638.32013895
6328.88992121
-4534.90680921
-6392.48083387
4958.13436699
2717.8455359
-8401.12767377
2081.91266171
-3561.46524414
-5323.77898771
3439.13945402
474.112724291
-5934.85875877
6836.15189637
3938.72435435
-519.772191774
7327.52357768
831.315839568
-6324.1672954
1077.57476249
-4520.06774434
2989.02086316
5567.6566842
4031.01350051
-3379.33021977
6390.63614982
3340.53655028
5480.44039845
4851.90094046
1802.99246331
-6495.6497621
-5760.20621615
4630.21899247
607.07396582
-8228.36483206
-7477.06143102
-6767.31759758
-2976.26512612
-4972.39000609
7622.2522891
3401.64915239
6488.18001479
5928.76649656
-6158.53309345
-6828.34748982
-200.700660224
9669.79537232
-3713.18504777
-5791.94650202
4974.35351342
1600.97288863
-9636.05882801
8533.62626006
5784.87405099
-7022.85560495
3501.97297619
3354.26896533
5534.91483711
322.999504267
4473.55827326
-2744.07159258
1078.87816212
-5065.95524845
-9266.42202461
-6190.92750599
-3564.61389117
-9345.11646909
-6034.53225938
-2630.23585278
8631.53431507
-9896.11329178
850.937115704
-2926.18463864
5379.66773179
-4450.74730247
6687.90644809
-2784.22093382
4849.74964508
637.558736915
-3871.15487689
-1738.44785023
3742.84178831
4718.13983365
8333.87121661
6212.93419609
8761.75261672
-7449.25302437
-8233.52402336
5148.77785202
-4287.573499
-850.332737348
-6902.37750324
-5047.88415882
-2015.09900635
2697.20869385
-3097.6502579
1125.84949483
-1915.18987906
-3381.14141528
-3537.39068922
-4980.52625218
-733.236337257
4324.5471833
8350.71095693
-2954.57103918
-9960.11532289
-273.545051094
-4799.83583004
7600.01320886
-2209.31514193
-8476.91887265
9474.67275325
-2408.67430382
-1765.35881314
8800.39280843
-7572.43485388
8174.10102516
-1699.41096163
461.699663328
6270.1029494
-5737.95112175
9164.0815271
881.676681149
6157.65158021
9461.05265857
8053.3285527
-5450.93230027
1508.75094535
-7848.76113352
-4576.67043212
-9016.81027765
-5390.57830585
-1229.87519068
-130.605963593
-807.297392831
-782.942099096
-961.686105663
9295.49808218
-9448.37166245
2831.79310065
-2531.39548566
5415.55440974
-1269.18523258
5329.16217555
3379.83485767
-3903.49675407
7377.59957114
-8868.42208338
-4734.33429345
6641.51143368
-217.914041622
-7390.6984918
-5487.23024376
-8559.87823493
3633.75089855
5409.16079732
-6151.58061087
-219.582794758
8120.78877679
569.762473912
884.439514468
9986.24335337
-5717.91335864
9394.75618095
6294.52900877
5800.74110802
6899.43013753
174.235414162
-282.406259918
-7638.81822909
2405.52864498
-8839.24818704
-5449.60107549
-7244.47419651
6786.42797711
-3650.40032152
-3199.13102378
-3065.35900452
351.932024978
2507.58583718
1171.6574842
-3136.67398062
-6019.91902848
5391.27915416
-5615.70441714
-511.668516938
6042.86597254
-6542.7813877
-4747.37658583
-9008.287815
-9320.05814359
-1237.2308647
6640.0807173
-3105.03071631
-3541.07631266
1876.45166992
-6812.69782762
7521.28729464
5491.81387218
-6403.67804489
-4713.12413197
-2324.4353167
-3510.69310559
4496.87794676
-7145.43662278
4978.76792489
-4531.38373236
8801.09709725
-6296.24952588
-7394.79091999
-5538.81138649
9332.39527085
2364.39001128
-7714.28705796
-4888.50882079
4502.65835333
9342.69742917
-2524.92033631
-6187.95426533
-5553.15917164
-8581.50777028
9632.58202312
-8731.34523853
5230.11514827
-7749.68077609
3820.35185494
6346.66963636
-8698.43685588
-2890.26200709
-5997.40043117
1701.05382046
-991.325375581
-52.6211035383
6162.48659525
-1510.53095669
-4416.42887162
-5168.89349469
-6960.30004082
239.466081239
-9528.98100105
-4836.0734767
-6747.23192601
-2881.48763424
4486.00858895
1693.81388268
-7878.70806877
-3481.38755891
8889.03368109
8187.26734631
-2253.71994015
9233.14775986
9144.88552803
-3425.75289353
-7486.14486603
-3043.92965932
-9219.67341983
1980.52143914
8634.51944462
7607.61608805
-8673.11782309
6223.33996693
-8367.78294046
-6066.73495437
-1815.62988137
8072.72002263
133.862468639
3298.29684472
-8098.22167945
-1422.1232547
3377.59128202
161.059968204
-2970.72606757
-9341.51578179
5959.13947589
-3485.55118861
4325.33777351
-8326.76619131
-6171.74801211
7360.74977255
577.973792372
6773.89161861
1651.20577429
6495.40462766
-2374.70348828
-1792.89250349
3543.38952504
-2713.22566949
6760.21268945
-1372.73984199
4296.0717518
-9009.72402363
-3620.09951429
9953.6515168
-8198.46963131
-4449.51978713
-8888.41965657
739.690269227
-2683.4467665
9223.34975163
3792.82445247
-2722.70719221
-6676.39107151
9197.55559446
7597.13101933
8698.77437379
8048.75070695
1800.46436491
-4050.42954756
-937.760932747
-7172.42043387
418.917092058
-1689.391949
6985.11491531
-1204.08122456
-94.023487178
-3647.46482151
-9189.70149711
-237.249059731
2182.59743846
-5106.96501377
-5976.65263896
5525.27847305
4847.42380213
5136.76107326
2162.45377688
8496.46702777
-8148.82039877
338.051206572
3871.75897981
-5066.865836
8193.98970575
-890.589783773
-5573.53725095
-3650.50575884
-2853.2644358
5890.59372468
-6308.48732882
-2819.75575483
-9717.3893548
-8395.03138586
-8829.48389117
9099.46404483
325.614917022
7250.00616499
-2156.52209872
-5774.86265065
214.161728701
-4551.5419337
8614.48536027
7824.96943519
7246.47946679
4049.21144102
-8221.6736128
-2663.19770052
-139.103787757
480.060989516
8572.75216802
-3798.02912807
6414.64986055
3995.64526345
4700.79251016
6364.04872562
-7756.72364766
2867.69085603
-5489.93655707
-7758.42543251
-6269.9324808
-5052.58705572
5017.0319609
-8642.18490606
-3007.89480217
-1163.09590029
3251.22839187
-9606.80843822
-313.944726929
1225.26432546
5825.16245766
3436.55681955
327.893128806
2553.05507277
-5513.15574656
-236.739837155
-9093.27569704
501.372878135
3763.92963756
-8514.62843579
-3688.89976902
6990.3036237
6080.30107148
-1326.55025329
-708.796951656
8647.41992434
9539.6369495
-2329.11635499
219.588707207
1701.65808409
6030.82034072
1557.81878225
-9608.19152872
-1254.17531837
5807.83701961
-112.941015759
-7909.0955911
8679.12799286
3016.01700931
-4625.73522079
1021.95538241
6825.05428593
-4599.93146975
-9096.20062718
5586.07319431
-5230.96774203
460.955196626
-4923.78520831
-9021.45746039
-7681.44427677
-8387.17034145
549.09101538
-4771.59944014
-9390.63189328
6309.55456286
-2208.18776184
-8394.15599124
5578.59947506
-3899.87820502
-8538.44656985
-8523.96151802
9280.07051239
8025.13472911
-4293.56687795
-6464.37389266
-737.452043217
-374.315234343
7836.16545708
-4163.27871347
-9007.20620821
3342.57621658
9388.09397104
7538.25612726
-3658.50516411
-2529.79908124
4905.81770087
1984.26334833
-7783.51047739
-8709.41786987
9063.43063145
4963.73122283
5728.7839331
-7632.67064651
-723.557322759
7634.97472781
1504.44524553
-9648.55272405
1407.90326024
8260.18364915
-9601.62046405
-3000.59218263
5521.42215587
733.189876873
-609.182458764
-7200.97871822
-353.384512877
5755.58968057
948.395923682
-7204.82228959
8740.8664268
6584.68282879
-8928.75190928
-7427.22267312
8526.87260014
-2801.18176868
4841.9021931
-3008.78028412
-7170.6602465
3893.42748782
-1297.03423782
183.830896961
6202.55076869
9328.49806364
-408.037985038
5194.77402347
7722.19347886
-6689.02500386
6403.78643592
5589.93858471
6064.72765007
6463.47281566
-5937.8462101
4537.14640454
3874.01656418
-8981.32582135
-8446.82540054
-3421.50046939
-1594.33696536
9791.8840357
-7614.30170534
-1285.64798764
8948.24652002
9776.48216217
-4354.33867855
7236.9736423
-9834.14610819
-6373.80641472
1143.41430659
3697.04475734
-1568.67027546
-3808.09202851
-7607.66045292
8786.88483695
-3561.37157431
-6093.68616299
-8507.78168035
-4030.85977838
-7310.40074437
-5559.24127084
5040.60318032
-2152.51509205
-2750.2545303
4252.47169902
9117.51433281
-6345.59242745
3058.32744126
243.035537258
8637.19766375
627.524587572
-750.979608869
1058.56116559
-8468.82285559
1596.12554391
-2965.59833142
-6547.14671897
-4651.37203289
-5876.22216706
5202.57592433
1736.05168676
-4321.90528637
3585.48636123
-6705.47362275
-3882.97439301
1898.21876914
9062.7755259
2184.89036722
3127.32805187
-6997.08894178
-9617.44606475
1298.36806873
1253.32482098
8952.64564802
5323.94547126
-3419.28495461
-2466.49407155
6829.84027049
-3345.80541329
-5389.21924954
3667.74394929
-6030.94084265
4264.38482032
6797.97138496
5850.34417407
-2812.50750422
1170.50685604
-4093.70893345
-2716.9733051
-3429.92414362
8920.96332551
-4543.57989135
-7597.95386431
5833.57071714
-4131.27806538
6667.54038111
-1356.30021343
306.894640271
-1036.34897321
2185.16088796
-4063.70200993
-94.9239182051
8121.90238777
-5714.94136315
8676.90776732
0.63729599157
6480.29880517
3995.96612206
4420.8800891
-5703.65416739
2237.78707195
7807.10581087
4670.19796483
5748.61580701
4868.18040827
-7293.60031807
-7734.82791675
1218.9797197
9129.51508567
-4804.32827386
5090.26208175
-2992.65290799
2525.82419655
3160.78669243
-13.5576514455
6633.85851428
-8053.48520273
8360.79605724
5817.61992361
3843.28381905
-1901.2197578
7606.20308293
4449.60949922
3403.17232071
7001.09913352
864.99877163
-4745.09462079
-9525.71816888
1541.65781662
-4003.52949393
4457.14827148
-8666.242499
-6788.08447985
9816.41298256
-2373.03260843
4680.50247806
-9825.21392117
-6821.03651159
-1865.58708174
1509.82908926
-8741.0880108
-9618.09957672
8005.33546592
-8597.71292293
-9309.73364923
4146.27084733
3076.6416428
7024.18980863
4406.97175841
7807.68870408
-9129.94007391
799.910086166
7176.70262485
-2042.45964527
-1409.89851016
-1670.47516889
2563.58616689
-1497.32993874
-693.3984405
-9249.64841916
-2636.49337463
9063.29862602
-1715.86293185
6781.39219727
-2140.08935628
-154.105489787
-2202.2238972
-4293.80038055
6255.44450146
-8480.845549
-5989.15850637
3057.79215971
-2415.04767155
-4091.24411045
9293.5715431
-4844.27201332
-3218.33349883
-4705.55852231
-350.389446247
-8279.65065142
-2216.9394135
9650.58755587
1541.93670109
-2131.73970531
-4771.62055962
-1922.37067091
-431.266127994
-8272.36385363
-181.869273823
-5804.41957399
-2903.78619717
848.634226784
9739.99371115
-4665.11961528
4168.09319027
-3997.99890333
62.4206588886
7922.71847555
59.0994967199
9918.83578949
42.4420723082
169.06273782
2618.36831411
412.930637206
2696.04342662
9262.95850606
-151.360299003
561.453953571
-4102.67120174
-2036.27570234
6987.3758
8761.97964009
-1793.67075681
-1454.33693863
3170.26119901
2911.61346517
759.09198631
263.280051159
-5250.24094472
8708.10941447
23.6491504889
-951.390966101
7136.03383548
-9944.34292735
8099.55637861
3600.02473464
-931.84251982
8010.52476381
1344.42604743
-4775.0027806
-1035.07309407
4424.61841536
-2737.89897424
-6180.0491802
1043.66500648
967.51088766
-7161.04161656
-9065.51928536
-5185.23138536
8816.41685364
-3516.55948199
-4734.23120486
3561.38881173
-5533.54941406
7508.53641717
286.73482961
6394.80667204
9874.21756915
7254.96067035
3564.72974839
2413.53384834
8629.10341096
-9687.71454105
-3538.45327379
8701.47486975
-9850.68327252
2357.1416311
-9391.16357139
8328.52411419
991.860022026
4917.26147793
-8667.8019457
-3193.7646423
-4479.16950559
-7249.54647501
-8830.1044807
-407.692938235
6343.47703115
-3542.03659805
1460.97918277
2057.79540617
-978.474694369
8889.8985543
4826.66495449
-20.0748896184
-8557.06782538
-3852.48994471
6579.14546788
8172.10299744
-8950.41949766
-8314.67827503
1150.48981416
122.504535461
-3224.47813871
-6071.30846487
1394.59353614
2311.38091023
700.084700378
-4516.2371514
-3586.12992068
-5312.75893052
9139.82189687
4377.72243972
-1503.20962551
-6410.06194095
7356.91246476
5423.63554171
7584.65763152
-7339.81893484
8710.94366908
-321.708035881
2186.36164471
-8645.98822942
5332.60417895
7728.40308408
3747.32420577
7172.04190665
-5343.64500779
-8702.68484221
-138.926568178
8766.11082779
-3805.44035161
-1652.44630388
-3973.84435579
2601.0027964
4591.82664964
3680.43242642
-5710.95707721
3659.72671849
2374.76039419
4962.64718613
4492.27555854
-1002.05031719
529.994155549
-3943.22321681
9673.64117576
-7959.17029371
-5902.92062737
-4330.97323232
8034.43929617
-7296.50723249
1150.53945639
-8907.54338443
-8010.66869881
2855.05596584
8599.25887766
-9325.6234287
7522.70306195
-1065.85686657
2043.23174862
-86.520938921
1171.78852981
7266.01024987
-1664.68257878
4901.86442645
-529.3582819
3573.50239337
8518.583997
8601.74701472
-8733.73833105
4357.94364657
2881.54737941
1534.21432282
-4752.10366138
7815.09476716
6555.31636448
-280.620553846
1615.13139513
-5579.24225746
-2990.16432692
-1829.73458814
-1248.60550226
3705.62092188
-8856.49765312
-2723.4179086
-3679.07690957
4342.19968855
5243.7071514
1579.27495302
7394.94248262
-256.217516789
6157.17998686
-3083.12752299
3362.90701919
-3566.4506446
-5807.60963033
-2550.64498479
-6946.05932481
2021.31060358
9380.60000941
4005.99516169
-8210.33155193
-919.014232174
2635.52845692
-6141.41577909
-5073.6029772
7080.92719958
2369.10549463
3519.69698176
-1838.56245348
-9266.94319799
-9982.19232137
-461.037610776
-8968.28887962
3855.69094389
6619.4036498
-5708.23549639
-9910.471231
-4501.79049435
9051.51886514
8333.35167279
839.039141868
7767.03818333
-726.977370982
7262.97336486
-6739.04864201
7408.10488329
-1080.05446747
287.382882601
-4758.96479612
289.607747898
-3747.0416627
8710.43903116
-5569.63774599
8563.1496379
-1394.51579429
-5867.22355039
4693.47083483
-8542.83180418
-3127.20245678
5238.80029718
1862.51760459
-725.565805919
-4228.00579805
-4353.72498881
-2581.39209563
7998.10957955
2519.18818255
3174.65019589
-3761.20818384
5874.90854588
-1055.98385449
7528.46709461
4400.5814981
8384.20849525
5558.16890717
2157.75508129
3623.57233535
4158.64705514
-3518.86399337
4608.89338304
-6325.75578801
-8704.99318414
-1451.33769625
-8182.04112848
9797.61462005
3939.29343783
-2948.34340294
-3622.15763888
7962.62177426
3812.3555063
-4381.03112657
1686.88858062
8435.98604044
-9488.38127038
-5724.60331644
8254.70036481
7856.15306951
3761.02276509
7809.42067961
-4240.95308965
7266.13449627
-252.772629319
4333.31464142
3568.40146033
5566.27285407
-566.356206757
6515.04419919
-3460.02776636
5483.97789766
7796.37886633
9092.02893829
7029.51182611
-5318.32677379
3517.00725006
8236.42055728
-7632.49764382
4315.84922422
7486.42807761
-8451.79462652
-8494.18659074
-8479.09323701
-3512.59952959
1100.34067674
2546.31140457
-8078.3975279
-1063.08832885
135.533114438
1065.75699714
-3380.23065269
1307.70088799
7228.78843684
5760.79568189
-8288.71590853
1831.06025085
3922.66963629
5416.2985504
-1701.12819998
-1902.21987345
-3568.90336984
-2975.06279271
-7805.6105412
-7216.70175953
-1017.68333551
388.586033696
-4360.39456569
-6544.68195467
5513.99159019
9585.07841829
4639.46906043
-2767.13039623
-9876.5750334
-8225.66732297
-6698.5273721
-3242.16772933
2325.10690798
-9357.13365745
7618.87316731
7646.63290367
4442.89671038
4432.8895979
9647.20144953
467.314600398
8451.08153169
-8682.54624753
-7784.75375698
7636.16837685
8206.50937368
-8381.21996225
8502.09251959
-5124.51493308
4486.312329
950.125667283
7159.7039869
2301.17024649
-1521.40415638
-3269.95858338
-5302.11939168
2333.75177744
1801.7341905
3628.65087045
-1593.92840849
3358.03784
-5517.41625538
9082.55419623
1282.67143211
-4828.64853925
3314.64262925
-4000.53675245
1488.51424669
-5268.99981536
-9118.63025539
-8090.58334165
-6362.11212516
1645.8022929
-9677.37226527
-3509.45769715
7260.73723621
-6673.41493141
9753.40986363
2238.26452312
2696.22327422
-5404.34424112
396.359202009
541.212333389
9934.97455399
-1923.6562627
-8628.99648117
-9480.15958363
-2036.58586996
-6243.34622881
-1056.43606065
9341.32376881
9470.98695726
5911.40535588
2161.72321931
-2486.66215304
8044.31816196
-8629.37774617
-2020.87604491
4322.04191791
4489.15955592
-7115.25450985
8755.1628028
-1588.57142637
7984.04475002
-7650.83005452
5188.57358529
-3052.43265581
8810.81259443
7536.55595336
-7326.72819006
-1200.59258238
836.936051202
8042.0826407
8981.11882107
9864.81517636
-2322.04928276
-809.151126728
2989.01090136
-8327.27631817
6413.79133485
-6848.54284669
1057.66260322
-9735.1327184
5068.77073516
-509.889179888
-554.159444427
-4816.28289716
6036.89360051
-8908.98819326
2273.80450199
9850.91746962
4683.04925419
1035.44071797
5241.12395038
-8988.53624196
-2068.66620485
1448.44660072
6052.45769447
3576.00329104
1595.62994607
4906.1143344
4125.43975393
4774.4892884
-4616.39838635
7362.04724063
3356.98838822
-181.989401963
-7001.87121536
-3588.4816335
-8727.13538866
-3566.02522695
-7335.03126826
-8679.04779204
-1405.38216207
-2776.28643278
-7185.59353369
2667.23218704
1070.8106844
-9232.04889983
-8874.72796942
5.62237410771
-5814.50938381
-7956.75346196
-1547.19222582
554.632613225
882.844692534
1104.97440594
-6253.97954051
-7772.7917439
-4140.24319331
7217.91794505
-4257.11064138
4632.84285575
3611.0278696
8867.66473367
6685.63234381
2698.66689127
-8375.38794498
6870.71720312
-3994.55520335
8110.38601512
-3.97123212249
-9134.82419559
9018.59668107
9048.25450674
5995.60107205
-3196.41035682
-5606.54213858
-4482.85254037
7031.79987547
6734.46376052
-9907.36245099
9376.85664801
7821.31429266
523.474693364
-2949.83056084
-2252.74331452
568.845254401
-1801.40094959
1173.0082897
7640.0299549
-8227.0716571
-9349.84701598
8880.96377943
-4141.43190505
-8908.43332306
-1521.79097518
6368.46871849
-4759.20178635
-7545.15304193
7812.95601297
-7304.53559118
-9856.35632532
9173.485028
-6947.48902046
5366.19286866
-7001.41730876
-6556.74759444
-7239.57490612
-901.883406816
-8382.48970171
8505.45284498
-8693.92417587
3218.55148953
-9602.69397969
6857.87497581
220.57273462
-5493.89299501
-4258.08155091
-8455.06916437
8696.90387858
-8346.65170167
6606.138223
7540.40980643
-531.496111342
5759.45589468
813.636763835
3515.5609804
910.432556187
-4978.98032765
-2706.22657845
9206.1164319
-6480.41285174
2798.59054317
-4315.35522729
-3019.0239403
-7936.53400962
-7136.31310533
-7888.68363561
-7998.2614731
-8846.26220479
519.524131503
5455.86502841
5328.37105666
2631.1648963
54.9746649069
-842.573570639
2587.08119333
1044.55675062
1081.37937519
-5166.34394916
1765.12901848
8285.54204363
2240.57822907
-5514.40276733
2117.29008193
-6151.80123408
3604.61613542
6086.59353761
-8.33830762159
5615.49076692
2194.35987082
2994.79825153
-5642.13114716
6010.43158036
-3299.27690397
-6958.89772614
-4817.34897576
6300.36588471
6403.91728795
8389.77013004
1533.8373393
4650.48380612
-4737.7018883
1279.80955846
-1731.70374291
2626.57380245
5542.12414394
-8138.906418
4600.71488175
7016.32004027
-3023.64314945
939.69239648
795.218204969
6528.88503997
2329.71093546
3211.78676282
-3515.76622678
-5487.12226681
-5993.97081726
-1758.00352904
-6145.47183193
5528.90158211
2818.51480491
-1867.03248764
-5855.72282069
-636.641408019
3767.56941262
3003.08308802
9153.01202783
-7763.0106257
4581.68711052
8980.8174422
-6744.71806063
9695.1350146
6883.92336896
2240.35361457
-2769.06244467
-5567.31556813
5607.75780053
-5008.40516176
6550.56922714
-9507.83011345
-5433.60816392
308.418318709
9936.51163302
9018.92686667
-1597.04663377
6095.54378946
-7283.54140296
-6246.74073116
-659.817900266
9920.53755558
-4075.43715879
-3090.16665575
6709.47367459
-1171.92377537
-4704.71628983
-4374.66250861
1649.92755281
7688.63650035
4388.14919428
80.2928833242
-6598.29454637
1699.57371936
3373.80405481
3089.68468205
6288.62823137
-9484.89083795
6310.91561562
-2150.93789107
235.853691513
-3317.66277879
7476.70219016
9240.53444603
8126.14196578
-5513.11775385
4480.26014134
-7001.90613117
3089.94808459
4726.23600436
2629.69285329
152.217651065
-8975.08622697
-6749.03156823
1073.20342352
3931.31434764
7010.11650769
5439.09025871
-7467.67848581
6249.09099892
-3408.9510744
-706.184724733
-262.784231024
-9454.00884153
-1984.05716861
6900.039706
7777.58479376
-244.048060065
-5765.6315487
2017.83955759
-6309.78940487
1246.01381067
6704.81954941
8517.43862524
3419.85376035
5921.49332538
8535.94488917
4063.96208974
-5494.83624869
1065.50806292
-300.237143852
7350.24867627
5185.33134635
-351.794525027
9451.22065035
3702.21214338
784.925787575
2289.26895211
6379.04671955
8869.33089187
3323.81432819
1925.04473853
-4458.16286784
6921.11151694
-1880.49545467
1069.77053862
-1544.80094596
-1722.6700915
-3050.84053373
-3518.52232248
-387.689199328
7514.74883283
1999.87855484
5428.42183183
1349.6076669
-9234.25725889
4681.6083745
-7263.80954135
-2679.09104135
2761.75722292
-2602.71199095
-9106.06177016
-3677.24278152
-7147.43570189
4639.78827181
-273.004941057
2999.17153118
-4226.22289259
422.313017388
316.330957007
-4865.56458632
2043.60684646
805.956266501
-165.936145673
-8182.25781091
-7538.34594623
-5520.3064862
-7644.29665361
-8249.40583519
-8275.80146512
-2446.94776783
-2495.69791217
-6819.47718622
-5228.06969489
-3413.81724117
8199.86858572
7820.48679804
3613.82510602
-8607.57393802
2385.02016269
-7766.94198058
-2138.50994302
4054.75242385
9294.90547664
6538.54815822
4834.07362911
2395.96315642
2879.34707813
-3237.27732074
6420.37632608
-8334.7252965
3295.01150915
1622.11157008
-9291.30476903
-2041.28679245
6954.0287266
5799.05335407
-3453.07253102
6792.45892713
-2028.1871263
-927.320348193
-8820.17524138
-3944.63302507
-5530.59758503
-2560.0893624
3224.38280029
-4267.29918007
7506.90730315
-7861.64314623
7538.45762406
639.128452038
-7585.3896477
-7198.40321325
9122.19300263
8363.20187577
-3808.18753734
-1678.37361423
6436.46747793
-874.181182646
8302.07247236
9141.54294142
3814.68268819
-8209.95759266
-9953.10455696
2695.82425924
-5486.48805783
4642.44482312
9693.97144312
-1650.89692315
-5570.25717933
-8680.76550784
-5136.30516068
9021.38034521
3005.73863506
8454.72853614
8673.43590109
-6425.82761475
3119.09362495
104.462700993
-1993.76060109
-2714.30754923
2275.24510157
-5707.34169139
-9403.99372045
2375.72007632
2901.73707103
7819.93352754
-2147.54933895
3391.64170497
-6248.42827265
6272.71912965
-5798.16843382
4854.74137204
-6338.24435869
-4460.47239981
4552.59858332
3917.78527968
-7807.81301147
-386.078254222
9074.01866249
-3599.35885416
-4320.84929225
4589.65907242
-6231.68373351
1952.52421764
-6900.11796117
-2560.73351948
7122.4411242
-5290.04569531
-4830.80945481
-6375.55940643
-8745.64136401
5170.43707173
-5818.88711288
-4811.37892166
-4649.06240594
647.850810694
2833.88516332
3897.08624861
5266.54154148
-9574.52851237
4796.63325574
-5168.95566409
1942.03215377
8339.24632145
4130.31344495
-8892.97554032
-3479.28449448
2340.74458916
-6041.49102687
-5799.62616905
-9462.77540558
-6409.19867217
9676.08472618
-1175.71673879
1383.19782315
2285.41137994
-9764.07830338
-3158.25366425
1904.37505716
-2991.87767555
3280.91803472
1785.35766132
3801.40994568
-7796.02687871
606.565380383
3137.37738617
-7968.42633483
684.238016224
5896.80277107
-6539.36305987
9940.27497683
-6176.73019754
9446.37402982
8151.96813554
536.073218796
7305.36358236
9462.60919395
9235.98841467
3035.85648248
-7927.77929296
-914.687325631
-8247.01148112
-6734.67870257
2616.06577825
4991.97449136
-9019.66002362
-4637.13719182
5962.24774001
-8436.34245224
1628.25668986
-2461.92730717
-6860.64143907
-7831.89169072
-586.188795452
764.298240521
-6973.58197861
-6645.47268397
2943.01611503
-8683.00010904
-8228.90617011
-1051.02892762
-7937.85480283
-3096.75219339
2277.42027179
-8287.5681027
-7328.97286328
-2768.11484881
-6102.35080119
6888.84542382
-6981.35471551
-5404.27370257
-5395.83127083
-6222.80566654
2904.35826445
2028.26913921
-5448.53743944
-3154.48764555
249.399228884
9092.86191448
-7640.03238436
7510.98846502
-73.1106273384
-2184.05989707
1546.27140241
6812.9262964
-1306.57216702
7349.40074629
-5118.25424898
-7251.58380589
6635.92439665
7570.88343946
7815.33139278
-2097.38659881
8878.4035376
-228.708562831
-652.745265576
-9204.18743894
6898.71440116
8124.28863434
-5650.04540359
-1862.53124817
1075.2225905
3359.95815838
-8023.74137986
-1645.11987212
-4985.3910764
-6950.68590241
-5986.29341003
-9495.28378019
12.7421515679
-4079.12631046
-4252.98200487
5976.65054517
-5009.01338471
3763.76636839
-5492.5336552
918.194191834
-1818.05843092
8440.16215739
2236.68313331
2052.02667367
8792.14668728
5801.72326165
-3341.92645365
2331.90972844
9580.69152305
-7033.60536195
7520.71753973
2136.30588075
9520.95107425
-808.218993221
3356.84467723
-8718.47315855
-2264.69392087
-8509.49308018
-1547.11907517
7281.77460094
-7994.56891962
-3179.23579615
-454.286425202
-8653.09711742
4321.52978206
2326.4283413
5098.09004497
-4935.15025598
-7941.71985739
-8090.39463771
6823.9145235
-6991.72159603
-2941.35021206
5028.79727665
-7156.2081654
-3905.08312653
-241.915451452
5417.30671486
-5303.32228754
2702.69001646
3724.9070611
-7511.30107138
6441.56828958
2512.45217968
3278.3622851
-2400.30746341
1982.27719895
-3192.05853137
-8348.62518242
-3654.84698319
-8431.8310611
1977.24803529
4511.06901366
-9551.43259037
8599.84148586
7017.64231534
-9304.000143
1481.23718779
-7680.02446866
2271.43514987
-7269.66934072
-7000.97726786
-1342.25059195
-3197.88678276
6323.08439024
1980.93714368
-426.678669318
597.095224589
-9900.56132409
264.046382095
-5604.91650731
1261.93484306
-315.578536378
4185.24242759
8223.44378247
-8632.95042111
-6997.88165809
-1470.7599688
-7733.49178831
7799.74232994
-4258.42188454
1156.92138144
8593.64891191
8494.31388984
9336.08028532
8635.58253328
-2643.21030101
3786.50276772
-3191.51361602
5551.88530824
-42.3585131781
-7864.85070007
8305.98443249
2569.71188103
-2548.63192127
-2246.11529039
9849.64475159
-4165.65366149
-3453.20443763
-6245.84702537
-4865.37376956
-742.539839774
-7417.47010546
9966.08430072
-3448.93525587
-3069.7933368
-982.065502179
9541.73227166
5400.77939379
8141.43371196
2589.78049227
6903.84104163
-9891.93877443
-3830.82535979
1411.33967925
-4657.53046355
8125.823536
2090.6521701
-8649.85906398
7496.64551714
-1664.32624922
4296.26903114
147.554971996
9089.13697668
6587.61654179
-5726.65184304
-272.828857001
6167.25419602
2156.56851567
598.078607264
841.401330437
5350.25601201
-550.651261216
9116.18992741
822.840376784
-5653.52709623
-5951.12067436
-7970.45627704
-7908.39578544
6326.2570169
-7778.18877749
-2627.32918038
-7406.95587342
-9240.99972044
-1196.14782357
9283.69731067
8993.30418208
8820.04762679
3528.28367012
9961.9592306
-9697.31125011
3595.9379298
9693.65806472
2210.45200961
6425.87005529
9058.52958565
6663.73525743
-4652.73612585
7417.52593067
-3911.55006501
1102.44557236
7859.42005259
-7033.08503411
-2973.19940963
-4327.21812614
5548.33533553
-6147.78860632
234.171321859
-9977.8672531
2438.90744977
-6221.67570119
-7273.553032
684.704085153
2600.95122591
-3828.70927101
6680.52547794
195.751626722
-4658.66204784
4974.36504007
-237.556870353
-2358.95865101
-1890.39592674
8272.98428574
6808.57165263
1471.01782723
6183.60023825
5743.90034676
1593.67320282
2594.13315274
1477.18396622
4625.24713617
-1626.18489151
-2477.86198683
3501.34831972
4342.35715608
-768.6640078
3252.02596943
-4389.4193686
-9113.6882491
183.664098949
-5362.44861368
6374.35719277
5253.96276116
-9822.01517698
4986.37984531
459.420701217
3795.54534644
2802.62820706
-7608.96887442
5082.95507279
7670.13534556
1371.646619
-7120.92869343
-3013.90346784
-3461.77594968
157.627616959
-849.951314359
1206.92125784
-8089.56303086
-2478.69214992
-3397.09332826
-324.575554379
6571.11103631
9918.33612414
-442.351833773
-8159.60595988
-8115.45727087
4884.90246138
8480.00242514
9010.2690387
-4499.74248303
-7891.65759122
-1814.27301642
-3292.85203777
3007.75345695
-5505.55103043
-8830.56813321
3697.32880584
4724.65791313
6268.43953807
200.649109716
8287.5789331
1080.39679344
-1886.77101696
-7617.08818632
-6022.26556159
-323.788220741
6503.42821604
8676.9464642
-8194.40791338
5283.42707126
-8092.72002425
-2467.57883472
1393.96879715
1721.36116134
-2915.21523424
-4607.32276634
-4537.16877793
7220.13163066
4198.40885901
3413.2289484
7856.60227612
3454.51723339
-9359.92294591
-4139.16961233
-1794.56242718
-5904.30015788
9868.84741609
9857.28458183
4340.88994412
6703.11011649
5147.42559118
-1539.62340172
-502.079570641
-9265.95581726
-7824.98470929
1125.74660734
-5663.0617235
4542.96134378
1718.19788583
9615.29149542
-4719.6525139
-6260.56280237
4693.91189174
4151.1558446
-3431.48274024
3603.81133629
-1323.60889874
-4570.18810182
-517.630347881
9170.43740273
-607.250644859
4928.79078612
1095.24504296
-516.066434206
6240.82048413
9173.93275798
-836.214224607
-7368.86281221
7064.75833016
5002.11337217
-2936.53062432
6897.06939501
-2969.76354018
-4006.28348509
-7577.57304615
4157.34271721
5023.35127362
-7030.56325991
28.1895177775
-6993.28845892
-3864.54254389
-5558.01999438
-5405.00384845
6388.53751278
-7899.41621289
7986.2492666
-3582.33993103
4126.96157085
-2590.788155
-4669.99831135
5713.26152074
-9689.85925296
-7857.80656197
6708.78717022
-2036.52115195
6327.69267971
-200.194064322
5613.44926305
-5233.51653767
8687.30433926
5942.99909637
3458.12849623
5552.60408764
4098.75527242
-386.847556013
5225.58402517
-9647.73240308
-5987.52949104
8685.34467986
-3335.92833517
7319.35159516
-3135.1897955
-1497.6832131
4213.93418212
939.410685252
-2657.18084314
-9357.88684938
-411.232406349
5584.48071319
-7264.3511397
-8702.32163359
-1306.38486564
-1008.06023027
-7218.33475949
831.645836002
1010.89342966
8103.79279295
6304.45244303
1638.55566103
-4499.09253247
-273.710016779
6255.68897209
-8872.65245288
8455.55183867
8660.53261416
-1130.79310852
-3719.28959015
2097.34945362
-2947.04142381
-3822.46440939
472.628910508
-6320.03443778
-4642.57365036
-5734.70469891
-47.9758234129
-7229.87289574
-7573.77524629
-166.545532747
-6297.76520631
4132.90697368
3794.70466966
9787.02027769
2648.72706878
4424.51129905
-7920.68494197
-2355.29744721
8762.74287579
2873.05647094
-2663.1533973
2658.77104555
-210.385001329
4318.71494127
-698.65527135
5102.59150639
6861.28478635
3595.83888381
2381.38998781
9560.73019564
7265.7260987
2376.81359186
5542.87571511
-9641.29556009
5877.07673788
6068.75401045
-8127.63462115
-5766.09451199
-87.1769042645
3895.44462174
-6136.25011319
4483.13138145
-9553.36314765
7659.49921498
7652.76970768
-1514.09419808
6803.21088989
-6425.37374064
9181.37027705
-5584.68370717
4602.81191565
-9135.00165246
4750.44922337
-1289.56503953
-9295.43730628
6498.48321303
-3942.5533504
1048.50998642
6595.9614481
7214.49120585
-7589.79513366
1591.38267548
9262.31100706
-4116.77865025
-7277.24750949
-6958.22805974
-4565.74293566
-5315.73919919
2080.50608344
-9216.50047899
-5541.4280458
-3576.32548501
-8729.94882901
-652.865218086
-2982.65376001
-7958.75866637
5931.5311088
2861.28060219
392.280116613
-1293.70050881
-9537.16237061
5564.42946887
-4711.49781998
-4267.04203991
5434.91740447
5080.58982293
-5155.70267915
-2845.24860703
-1977.34322392
-2507.89819779
-393.833765059
4489.40214457
-1370.14995161
-829.664175766
1891.12741508
8383.34063404
-5420.88833952
-9321.69872924
7823.85613701
6485.61198039
-3819.98472749
4203.60450566
3958.94918159
3321.73044363
-3330.17701727
4926.90960294
5720.83935592
-4624.20376517
-1232.14243665
6239.41519547
8908.44388668
-3641.02937289
2319.07233146
6223.09183794
-210.84203602
9159.64736299
8125.18505976
-7246.49315945
4185.78121399
-4500.97800387
-6391.17534005
-7494.9343437
6973.35915635
1256.87058066
-5648.13944658
8968.04098379
2086.46814208
5764.27767881
-7175.84032204
-5366.41364692
-6401.38242065
7571.94949082
-7102.30969298
-5086.88792857
-8038.93116667
-9035.78417242
1240.44842938
-6572.36046195
-3114.53435757
2714.50896483
9834.53572569
-2938.94989984
4918.5251798
793.839750718
8294.50068568
2167.01984766
5223.07090545
-9193.10836392
9110.94610632
7177.9345239
1734.13282142
9786.97500306
-3962.76094275
3254.2076197
9726.38753637
4812.24523793
6585.03796121
-8009.99314229
-1129.13485574
-9635.76428939
-6127.37039071
-1401.29088739
-4951.60775494
5645.59420973
-3352.31295331
-3542.46979345
-675.288607847
3667.30469399
2598.06720045
810.157486909
-367.235685536
4871.36318176
-6050.46661436
-2560.9869255
1438.01287201
2422.3973928
220.793015013
-1983.82857339
9396.42638736
-6252.36672594
-6308.71113829
4521.29172552
5448.69640495
149.999445047
-5145.97736213
3475.68420194
-2908.14035132
9830.20169856
1492.62163221
-9189.6336453
9016.20486205
4668.91758217
-9272.06932547
-1537.10394808
4023.0040933
-4307.42007282
-5339.15306444
-8867.27096518
4648.39984523
6526.18016682
7297.39874695
-2224.76927893
-1621.45785711
929.355239
8953.62130471
-4558.7678614
3796.26374522
-4044.45836529
5154.08958065
8551.43498558
4297.86988545
-4658.71214313
-5800.431012
-1772.74639872
-5649.92191337
-6545.66255016
3517.79986497
6299.97090294
-5495.05052515
-6806.25480326
-1213.47320807
5507.58401223
-1154.33947739
-4289.36251751
-686.511605769
3055.13404302
3010.1515783
-8849.5817476
988.300367591
7308.54295288
4574.8928563
-1466.20750586
7513.04269459
-7288.23829303
9446.16569982
-2569.46183402
4257.61828934
8057.61860726
-443.611942276
6455.62694789
-85.1973351154
-8023.56634817
8905.87708564
2454.3697323
7686.8004154
-2487.78702362
-7018.69543082
-2985.82894794
1140.80098926
8144.96308504
8548.92158545
-5007.86502533
-8832.99708471
7615.65849786
5643.75719837
-6626.87405942
-7527.85882284
4244.00534198
3109.44876505
-1316.97430524
5802.94824186
5382.56020717
4792.88163128
4153.56421534
-7794.79820341
-1629.31646324
-6881.4925931
4201.48972829
7085.07964756
5116.10180676
5194.6833359
-3932.95780906
5457.59358935
-4050.10392804
-7279.1801716
758.384462033
-5206.89537934
-6764.02639913
-7189.69140504
-6626.13139803
8423.75427775
-2924.81162502
6679.86377614
3371.17108053
38.4210095142
5673.85958666
6312.59530598
3201.27147706
-2864.03282991
4995.67401428
-1369.04273096
-1018.70760978
1433.16089771
-2602.54154199
-4581.37028625
9029.77180394
2800.29409697
-4757.24763506
-3871.39407163
-1113.40081449
-5225.0299933
-2641.0945763
-5987.63449717
1756.93408981
-8545.58685888
-8541.00218029
1205.22649753
-8346.24764902
-8878.47285828
-2367.45834959
-873.355113959
370.408098906
9369.07705128
-8166.94884385
-4600.64633578
4055.8228299
-7088.09234351
1357.58551638
6023.04666505
3773.92773386
-9980.93401081
8057.213265
-7226.83675105
9919.705185
-4095.28348391
2709.57607208
3125.11448857
-2694.02823663
-5086.72998967
9043.66893939
4832.14824231
88.0313036676
1332.04435416
-5614.78171036
5854.49469608
-2120.70411631
-5387.17883721
8121.0060974
-7298.42045734
-653.284305596
3796.28002611
2678.94365786
-9466.86283718
3757.50214529
4644.02102774
7129.58942711
8517.45815876
3565.55253981
-5328.77599322
-307.446766046
-7784.96670271
6549.49553435
2707.22451491
-2042.9542563
-2228.51052373
-7517.22898589
-9439.6171683
-7166.12859782
1961.50610613
9838.23531249
5787.07594188
-7958.03327722
-8258.81022471
-7362.31165635
3137.20900868
-3138.90165878
-3756.22696623
-4641.97556325
3055.9304673
8209.92975376
-3151.31772128
8489.78427569
8131.02528052
-1823.03693807
646.634007471
4420.52070458
6432.29474104
-7978.88002266
484.062020409
4565.98210247
-1309.07048477
5354.79907327
-6909.32104889
-7183.06719027
-7786.52736536
8698.97362039
-3662.8256433
-7685.86975004
9469.67659694
4014.0066954
6034.1272447
-5328.47327821
-3088.38494466
-7997.86439228
1742.87956017
5589.66923215
7587.13089178
1026.39304585
-5873.30419836
5115.68469377
3558.59209219
-9779.65653565
5698.45113215
4878.35846132
5173.76992547
42.5391768056
-4570.70370429
-945.281267138
3240.46623599
-8376.6133415
2245.14025265
7092.24722727
-1331.60135338
-6490.04916075
-2370.47952298
-1033.31387868
879.354691306
-499.605582917
3596.69252587
-7177.07969902
-8991.82485618
-1182.33217616
-5839.82472171
-8421.98667036
-2337.69368506
-3203.8565248
-5777.15501022
3192.71476849
-3375.96810405
7666.94813793
5638.76750226
-8537.11378091
8711.03297083
-2658.38524041
8187.63136066
-2510.75972875
-2141.23894886
2001.42729158
4797.86159436
7300.72769652
3576.08715173
1003.25418659
-3643.28905727
7052.45039275
8026.32964288
-9938.96046047
-7651.24543305
8238.16498011
8357.56797471
-4290.10292611
-8042.34449947
3788.28638445
7237.26390572
-3049.87724555
-2207.5675849
-3731.98659876
7220.42985964
-9671.03043959
4061.01660727
8239.12299764
-159.845641098
9539.50046153
6943.10774731
-3380.1934818
5928.01876616
4055.09950438
-1094.83719782
-677.003021021
-3902.22591237
-1195.65320469
-8719.20774067
6272.42702754
9861.73774031
-9700.0558497
6106.68786376
7014.66841289
-9630.92919496
9859.70192677
8142.77468934
-3190.84946727
-9156.46343027
8693.69978929
-8280.99925712
-4967.72402488
5969.57496892
-7436.94912686
-1819.24471783
-9805.1836055
6570.01560094
3448.13748733
670.878998634
-107.30819688
927.076214053
-8385.50403292
4420.53102285
8321.55147004
-7612.36497484
4908.44445795
-3466.97535326
-6807.85481465
-8170.67143642
-3875.78365275
-3091.6333086
670.030363938
-5676.40948385
-4701.40720992
8220.16238512
-7311.73387121
8539.1052906
381.345352923
7270.0875983
-434.665803617
-2810.5075659
6834.56554973
-2473.65745207
-8568.47489691
5282.96014794
-1063.93109326
-6617.80071168
-7510.0038344
4682.67026002
3002.45397112
-1410.4780474
5335.26995001
4178.76726223
-7440.43247939
579.614064755
9087.70876834
5246.83620112
3264.41694072
5542.90087475
-6289.41750622
1135.67375476
9264.41056267
-9198.72982251
7714.88012948
-1920.54505647
-5443.80280912
-5906.51898702
7264.00006056
4174.66675335
9282.18228799
5156.94156285
9924.15038569
9873.62569273
-7967.8652066
2602.70689527
1384.24041295
-9885.97469393
-7672.42954978
6461.99765937
-1522.9213792
9060.85703928
4453.6833145
5812.73210438
-5399.63646314
-3100.16327107
-2008.45148418
3189.07366143
-8697.64112802
1613.91908641
5287.45577224
-3366.47379685
7122.18446974
-2195.01805993
-341.113096196
-6345.89932172
-7668.09829532
7705.76179299
7131.36527942
-4383.10258642
1808.26304107
7009.80587825
4484.54192818
-4543.79534579
2249.1457465
226.631718107
6612.5463637
-5358.86088292
-4482.87648501
-909.082284695
-4053.84514365
4591.88787707
-625.946042545
2455.76009344
-3660.49375948
7826.71240924
-1052.45316286
3994.93687558
-4333.55346412
4404.08778469
200.443217191
5617.40625179
-9802.85462225
-488.192655585
2288.32719308
-6180.85199899
4482.63189706
6321.27648705
-4300.58306465
-5898.98937304
3856.41364862
-1764.25947863
-6029.01189772
3381.95770678
-1493.65317029
-5554.07980428
-8844.43823874
-4847.93224971
-8269.02028085
7512.81157008
-9953.9506456
-4004.45145783
-5464.2826746
-2924.65214503
-8467.15847583
-1386.91209547
-4780.46434677
-7598.80150143
-2402.54411974
-2322.87258534
-2271.423224
-1900.48580527
3440.26836565
8381.23537423
-2102.15305197
-1537.59547809
6434.63799281
-7048.80917559
-371.028354916
7616.79732649
6334.14849303
-436.140790954
-4419.80166618
4600.99830038
-2938.7104206
1618.77365875
-9689.53602817
-6690.6576634
-1341.01303646
2496.88454764
-9806.48819633
-1521.29016071
-4932.07158338
6363.84633959
6922.91719884
-330.638752776
-1044.86420729
732.979834053
-9111.68527228
-768.22865512
2830.95723182
-2951.74002001
-2972.36309041
4782.3232872
-9441.22147006
-1398.62637877
-466.871160972
1879.65067234
-1211.48093514
8766.80272309
-4919.94080718
-7849.09545617
5722.00688631
849.952037759
-5889.21568709
2527.92052235
-4270.55023276
4456.10371571
-1966.47366717
5118.8376604
-6836.73142574
4495.00907949
5106.08557902
-6206.05678381
4176.40868214
7818.24487591
5919.41924479
-4903.47856926
-2334.06763042
-3898.51618804
6392.02233327
-7547.81655498
-6542.15589004
505.424224289
8307.59736146
238.536159768
4285.70684727
2770.03043483
9008.1986208
-2077.75428902
5174.76399465
-643.793405818
1959.60146292
-4642.85285634
-6454.68105583
4830.1191344
-4102.58461937
92.4883361447
5837.36559213
2223.74181347
4668.41200161
-8307.88828106
-7198.80681139
2222.72177909
6476.81533823
7543.86274942
1746.57492191
476.544680108
7603.46209442
7773.5378052
-4066.13709256
-4949.55273046
4895.71872131
9490.7604664
8355.08002607
-2989.06405497
6351.92491355
-5963.91935747
-400.152715113
-1547.28720412
9147.38137586
8715.6995498
-3845.92492737
8615.55088438
-6972.09739732
-4541.72783542
9765.57280781
-1673.71281367
6288.64723776
-208.065717422
7697.694937
2161.94174851
-8073.20657878
1615.00936847
4476.82788492
9346.83142721
-4300.47225033
-343.483406157
2202.84852107
4046.549273
2216.50871246
6366.95860361
-8414.2018429
543.861518714
4364.24147205
9697.17479445
-6753.53638727
-821.577254195
2381.55800059
-3008.81157421
-9969.85448151
-6480.194127
6667.00140767
274.876395643
