4623.19104767
-1735.5312614
-5951.61221646
-8558.17866083
1451.25135928
1927.84234815
7243.52340399
6497.76478625
627.401030169
-208.328767345
-5330.11734382
-2551.65421479
1808.70564977
1656.493847
6640.62792206
32.0365272132
-6387.33573434
4898.27879919
-3755.79954118
1274.4229852
-5631.18211498
5131.86404185
9746.15961698
-7131.96073084
4731.58131777
1355.48067853
4156.41569302
-627.326044275
9931.63936478
-6139.76693716
-9118.06930658
-3747.27147933
-9399.6388656
-7662.34909741
6631.31350185
-3548.1176441
-8300.35325045
-6628.92579707
-2013.80767221
-7012.78457656
-5092.97825435
2946.72615721
-8771.48846071
9485.95927866
-760.703801323
3181.68554848
-5213.85979217
7671.80569002
-4032.74857029
269.417154347
-6774.85565895
2704.46053885
-6298.90082135
3279.41263698
-3770.92471899
-918.129632836
76.2561142219
9871.42199497
7648.56389484
-9516.85710838
-1666.41426689
2786.69396776
6489.38898354
3528.59829995
6764.0037105
5238.94087773
-5257.09071463
5733.61232184
-4525.55345216
-2635.78840793
-1409.11138918
1487.07957125
1898.3512222
-9532.33138906
-5703.77333199
-4186.10613276
2297.42894524
-4350.11848043
-5981.06895733
2209.11456167
-591.584293795
2062.72386906
-2334.15338156
-3982.59170174
4012.93755726
532.045858139
-9632.76666954
-6220.87571017
-4222.74933463
6234.52815915
-5945.59591982
7242.46451782
-8927.64844032
-1184.48867587
2030.37903038
-1096.09403882
-1711.90738189
-6017.73055876
9858.31695001
-7239.75845648
-9251.60628798
6310.85304824
4776.87208537
-5505.88713226
-385.030970175
-7268.84436744
-6992.42665105
9781.57535437
2948.19082242
740.712435248
-3578.3774391
-7334.64642709
9260.36809716
-5551.43556528
-1057.08948656
-6090.11786085
-1368.99565384
-7029.85433059
-9828.11629609
-4276.18291086
-2782.47595345
9707.18240697
-854.352063275
-1375.78402041
6049.72778311
-6981.67233419
1076.90086982
-5612.07848379
1062.80505182
-7336.61327131
7392.86206764
5097.78759777
772.027798896
3230.38306094
-7847.68384449
-5857.61913867
516.332222371
5986.54939138
4610.49248185
9923.0744287
735.961102685
5750.37559849
-2106.64262419
-9711.66261991
-5606.50147239
4842.56387965
-7107.05580551
7308.28721773
8599.06643442
-6365.69674602
-4149.6531203
-5619.63464185
-1299.94725875
-7204.01846684
6368.59704241
5286.61248179
-1819.2815846
-9087.01239777
-4012.36240178
-6910.3769759
-9208.01003841
-4821.68015569
-3392.71363841
5692.43039771
1949.15532663
-1585.18127071
-1505.99422955
2325.0602272
8252.57745755
472.174494627
-9780.66934778
1466.38500248
1441.58904138
2118.17458873
8319.46582713
5901.93505115
7444.27820944
4144.53724625
2441.43120081
-2484.89958699
-1696.91090684
-5870.01972414
3137.18807123
9123.28415254
-5759.46256347
-1021.54596176
8894.78620208
-1724.76909615
8846.53341215
850.960638644
6209.97951314
-8190.51817839
-9915.4363547
-6229.42780496
-3580.87197635
6534.42291239
9889.32204503
-9401.56546987
6083.45583557
-6081.00269554
1823.81895342
7145.59900001
-6233.88759228
6830.51646283
4901.22109072
8328.54229291
-9284.24722522
4695.56434289
-5685.74968315
4457.3890235
2394.41692911
-6350.97747807
2591.62243572
7998.97798914
-2127.52550936
-3804.95764923
3960.06971051
-3636.23771207
410.959225458
-7745.3541752
-2031.18631258
-1779.67897845
9732.67313816
4048.20653322
6124.96810407
7766.60291738
-9586.88143604
-7377.41188054
-7384.61641195
6391.60182359
-9814.52636697
-8480.49522817
831.467669872
5680.22545811
-9269.39065113
4340.62274492
-3134.09710441
-2338.8029816
-7484.66215977
-9350.85000052
-469.172821913
-9724.2710423
7768.86706144
-5433.33859614
-8873.04284129
6340.96238733
-7278.25190103
1177.99866659
-6158.4269994
-9576.40172206
-106.291119379
-9419.7608284
-4808.05689752
-602.292111876
-4816.40735686
6247.4218125
-2151.34948185
7903.6305159
1083.32326622
8150.85975457
-3317.17939628
6920.43532234
2645.49105961
-8150.18462072
3196.35860542
-6526.80527261
-6983.37892169
6389.56065321
5315.48607265
-7457.15658467
-8489.25473018
8193.81818233
8348.53911519
1258.32788799
1499.4246734
243.898877396
3813.93577875
-3653.74103078
5013.61095511
3938.87252808
2149.94695101
-1380.08170898
4030.51278541
-3976.95292735
-8389.30367027
-3366.81316645
-6846.35269946
-266.282684745
-8052.21367269
7695.04548545
-8604.57020087
9266.61518422
-7845.34451647
-6435.50019863
7858.43103302
-3238.54380764
-2691.83216399
-4686.0221782
-6238.24574774
-1208.28826344
6268.51596708
-1166.42580577
433.404661404
2565.94388298
2400.05688079
-8443.79888731
8465.23197101
-3608.6100262
4178.78883883
-7121.33930231
-2869.25420745
-9815.28816394
8723.31596804
7939.29523777
-1058.59692819
-7865.78070478
-2413.6881449
-7181.7265041
1458.08915903
1630.85452008
3652.50848814
136.957205121
-3900.95786967
657.709241748
-2954.5506316
-2672.16725425
-8057.62162843
-1140.022701
-6847.75067443
-7341.33369815
811.774050245
-5945.43267135
-5642.61880241
-7380.03879429
6029.38528549
-2299.04563509
-3265.05159091
-589.89170905
-797.433932424
-7800.74735117
-8670.40888498
9111.43022476
9224.98651274
2536.25519602
1089.24037733
1828.56762792
3989.63073877
-5269.90916362
-8353.93923015
-7448.46242181
6272.42225993
7357.34133989
-2673.72355465
3002.56364131
-2478.12471945
1649.57035719
-1913.91538957
-1541.34805528
6871.96410809
-6864.50429162
6929.98067064
-1212.01238258
7940.09375289
7514.31652235
6676.24569693
-7168.2077441
8418.6535911
-6640.12673471
-3476.57318434
4878.74837197
5364.42208042
2943.18694532
-4080.86836051
-3338.61961107
-2725.92902729
-5154.41370481
-7802.70297373
7036.67883099
4316.81719858
1276.63294385
9490.73639875
-4402.82825415
1188.86533509
8805.70427167
1785.14919112
-1659.49086735
2359.91714437
-3136.20842712
8527.74717429
3302.27645565
8904.44487441
-8184.58388306
6860.62041433
-9112.21979103
6380.91734728
612.295690042
4129.23100565
3711.99236623
-3399.78909364
-7382.1067187
-909.457134109
-9097.71867093
6349.25299561
7707.81499645
-2028.13415837
2124.78043655
8980.08945351
2158.98326127
5032.57952625
619.931503007
4397.81107457
-9736.33984601
3697.07062617
-264.731994422
1892.47003381
-6414.04216829
-6645.70171046
-8389.31363735
-4505.84886365
1629.41889507
-9551.32124953
4240.00401821
7142.08579097
-8641.32757366
-926.605422578
-5144.28667348
-4246.51085343
1382.65427415
187.660438463
4818.81073319
-2220.34424023
-2082.12489847
1565.23880702
3581.66219152
1304.57934939
2897.35034153
997.972053298
-4226.53857671
5941.46575813
-4567.75327596
-6218.78642667
-7584.29219974
-4731.40601636
1724.17144746
-2944.16067556
5323.22967028
7653.29857881
9062.5019827
-7515.32544494
-2517.21709795
-5108.66173592
-4.83680446454
5965.24018414
-4713.33378335
-9697.44385977
-8843.11655576
6521.05863081
-4098.0919655
-1828.80941814
-7253.26088561
3737.50499109
4722.38827758
-4032.29178644
8128.90741614
-3387.67189546
3915.83866918
-5928.92518009
-5297.61762779
5049.55195587
-5335.37656208
-2122.77989071
-5474.07323145
5446.35271043
6504.74316741
-8073.24335237
-9188.96997857
3826.36398913
-9948.59919305
2846.73818074
1767.08656187
-5965.22460947
8479.50501101
4537.72077023
7073.22124472
-3731.6942002
-1206.17795333
-9735.29513628
4080.96644084
-7700.44202841
-1158.79303364
4001.23727704
-6886.99517597
2940.48362674
-7823.95083776
2051.91803664
-3036.36416426
-9840.93001921
-3587.80917568
-1444.15420375
-405.451327722
-5876.71782211
6588.1610969
-9177.99698294
2920.53607841
-7689.36628689
7311.7047592
2735.45271761
288.80207401
-3811.8941639
318.813755771
7705.70314088
837.837581735
