114
572
140
279
761
805
158
410
684
745
356
180
639
596
245
288
437
690
499
848
718
520
675
22
882
611
197
726
575
689
298
659
865
291
415
146
402
643
133
976
387
445
831
721
436
427
516
342
215
109
80
947
788
941
21
599
309
506
864
367
877
182
57
33
890
392
979
703
183
364
899
867
393
580
946
529
444
646
774
389
700
693
16
632
304
31
374
200
332
585
992
887
949
5
494
240
952
473
390
63
634
849
909
170
104
821
527
48
852
944
594
620
477
58
122
748
343
981
711
77
471
640
712
547
13
861
29
3
195
231
92
579
463
772
265
317
729
598
330
633
983
893
323
782
975
702
221
617
746
424
914
287
498
455
433
37
705
824
830
192
244
692
232
553
457
906
842
753
412
257
798
268
128
533
326
124
350
126
70
178
295
14
628
341
681
275
454
883
907
93
438
616
469
760
564
79
318
36
898
310
313
106
825
756
47
75
51
926
900
476
602
519
501
399
314
233
924
136
255
52
401
49
394
443
725
908
730
405
600
406
818
550
368
199
657
54
913
276
60
306
943
655
15
666
552
46
19
144
686
974
766
161
103
622
984
315
139
220
742
127
608
809
270
132
566
603
927
652
650
35
627
921
96
630
193
65
187
613
724
989
155
661
998
82
648
950
179
807
758
669
422
446
880
536
254
514
40
528
212
246
81
699
354
101
89
152
587
967
647
955
768
584
113
769
25
478
431
217
576
542
360
714
556
489
808
985
894
347
764
789
9
626
939
302
567
223
839
922
862
870
359
372
637
618
795
229
142
8
150
610
222
513
366
305
218
604
606
68
815
465
660
695
447
418
592
574
757
706
312
625
635
267
482
739
783
986
717
780
481
704
383
470
381
957
601
376
228
425
43
365
271
345
384
820
503
112
597
995
560
480
953
204
430
485
662
778
248
194
27
269
38
102
937
851
698
965
972
959
45
373
841
530
201
224
956
181
642
694
738
73
226
966
727
668
977
235
557
644
963
349
803
869
149
282
801
586
987
534
811
537
11
391
688
945
829
274
551
674
141
524
289
720
881
138
225
569
582
203
649
148
822
175
523
62
414
636
771
940
920
110
327
460
239
462
765
836
338
404
74
621
954
23
759
237
325
853
416
539
442
843
511
754
863
98
241
121
357
672
420
589
61
352
411
395
749
296
467
964
111
281
828
835
504
311
895
878
163
308
517
331
961
994
292
971
546
988
41
449
732
458
868
733
670
84
685
258
130
905
238
568
896
86
593
866
744
565
605
382
185
147
990
188
119
266
827
679
549
85
874
159
151
459
118
135
272
701
645
242
713
911
846
307
259
385
892
875
324
948
26
131
439
157
176
419
346
784
996
336
375
213
728
812
936
355
262
280
335
915
673
206
186
17
609
653
95
440
160
129
970
619
44
484
710
624
509
156
421
541
190
837
495
641
951
164
143
2
912
680
486
663
380
902
683
145
301
918
172
931
250
468
792
526
855
453
731
216
531
555
776
386
538
676
840
743
205
189
770
162
925
497
42
94
561
991
502
740
583
99
857
521
856
0
108
10
591
363
1
448
532
775
736
261
87
651
214
278
490
227
59
819
968
154
960
100
522
682
177
573
115
806
429
854
264
18
166
334
623
90
123
923
210
543
299
794
285
525
50
631
697
958
781
876
475
735
286
800
750
973
78
125
116
165
773
492
938
847
64
474
762
687
413
7
208
423
496
72
428
860
171
191
378
903
917
34
432
752
615
173
919
562
107
933
707
558
169
184
507
802
677
833
333
105
283
858
554
962
377
571
614
55
540
207
434
97
337
403
290
844
371
472
978
91
234
879
256
6
671
510
763
719
548
491
595
361
67
814
339
929
88
563
969
845
799
247
607
826
409
303
578
559
518
30
441
588
786
348
251
66
408
817
379
777
886
211
512
709
751
329
353
916
483
297
935
362
284
723
535
755
451
426
83
358
137
370
747
321
810
452
897
117
488
928
293
39
832
396
198
369
629
665
787
71
500
871
328
581
253
340
168
400
24
667
464
20
888
153
508
69
980
252
767
134
872
344
982
174
260
889
249
493
319
388
407
791
999
577
53
300
884
993
722
696
273
435
658
834
398
56
901
456
885
32
202
167
76
545
638
859
487
544
823
715
236
263
813
891
873
910
942
716
737
230
793
678
351
797
479
691
4
515
277
997
590
120
322
734
461
320
196
612
790
654
417
816
209
316
466
219
656
779
294
934
838
930
804
505
796
570
904
664
850
397
243
450
932
785
741
12
708
28