8262
5089
2009
4094
2289
3894
2460
539
1033
3352
3286
8687
5631
823
4190
1717
1873
4267
8322
8370
9656
7241
3646
1750
7342
2175
402
2640
8458
9755
9727
4153
4873
3387
9795
7872
4753
2218
2655
4436
3597
8517
4807
1120
2725
4642
1511
1006
926
3367
6018
2782
5504
9123
299
4546
3837
9184
4897
9239
7759
3772
3088
7110
4829
3175
3147
2189
5879
3546
23
1157
4584
2980
540
5361
3005
6694
7718
1507
1152
3298
2188
7376
5976
964
375
8130
1554
4802
374
9998
3584
4073
3461
7503
7417
9643
7704
6556
5325
9548
1163
1775
2589
5171
6204
6613
4982
4181
4521
9607
7491
7603
989
7542
9784
8931
891
2285
5725
3406
650
9724
116
8848
8012
2249
8094
9172
518
6084
7379
1735
5425
3399
516
5755
8285
2843
9851
118
4764
9711
7936
2784
5611
3161
2550
3034
5088
8528
4719
1961
7046
5491
9507
1575
6800
4892
6536
9948
3922
3449
3447
8172
9830
3773
8068
1512
3764
2775
4707
3328
2057
8004
8035
6266
2720
680
8283
1742
5072
5917
6605
5122
9712
1106
2322
5930
104
5619
9871
5837
9249
3686
3015
8453
7431
9745
3340
6253
4397
7081
9443
2284
1649
6137
1139
5559
3697
8416
1744
6054
920
1645
5656
8120
8213
9214
5796
6110
4744
7367
8082
84
6369
2786
6829
2674
3107
3936
790
6562
9916
8566
8210
4936
2590
6835
8328
4281
9439
9898
3576
9986
3248
8116
3065
2893
9513
8236
428
3120
9344
4442
3856
9122
3600
4595
2624
1309
9728
6777
5995
9240
2222
2319
9278
7912
3793
9570
4928
6403
4848
9000
8487
7946
1820
4110
3721
8992
5130
8541
7915
7741
8531
5151
3805
7671
7894
5198
7887
6628
5285
4215
8768
3199
5105
513
4278
9065
9858
2317
3353
3971
9740
202
3090
4148
903
367
3396
1251
1073
8090
3779
2882
2695
7551
4876
6771
3950
3391
309
5008
9486
7810
3159
2163
6166
9991
5433
3206
8293
335
2758
9930
1099
2839
1909
4223
7119
6759
6566
4382
1429
3274
5016
4230
1265
4161
8238
8994
1880
2732
6167
7959
4210
780
8888
8635
7469
362
8784
2007
3037
3553
8439
1559
3185
6469
6144
4803
3544
1221
4235
8706
3363
9083
9330
356
1713
3196
3068
9872
3267
9015
2520
5828
7021
7935
799
6286
7392
5727
3713
3117
8191
1011
6957
1486
777
2889
6040
6108
6246
4904
4859
1197
8440
9685
8695
6926
9753
6104
5134
5788
3694
3375
9845
1164
2611
5278
9127
5554
1419
3091
5614
5605
2369
4256
2979
9972
7499
1005
2933
8852
7357
6770
5867
2966
2347
8610
7520
8845
8792
1678
9444
3006
6273
9036
3420
9856
1640
8117
4036
2455
3752
5658
4250
8593
9508
3698
3967
311
5484
9537
1122
3122
7719
5783
1906
290
7964
7245
6729
1424
9662
7429
1920
2609
2845
5771
6233
723
3806
7827
9500
4173
794
450
3751
9515
505
6028
9271
2675
1227
4133
1668
783
5136
7416
1890
1047
3515
8000
5123
9400
9085
210
1198
6671
6976
6454
8435
7062
3392
9006
8702
1113
9387
4395
264
9224
5841
1938
5439
2666
9666
7974
4347
5819
4373
4248
5752
3070
8507
5511
9402
7210
750
8280
9935
1874
5944
7601
2608
6862
9497
388
4020
5258
764
1319
2258
9314
6962
9079
4447
390
8951
4305
4987
4381
2871
2262
4348
874
1915
7836
770
2547
3620
9068
7464
876
5011
8849
8995
1532
7614
2708
9621
4513
3709
5846
7403
2108
1295
4783
6985
9230
3614
5216
1630
3848
613
1042
2012
8874
7681
8478
9308
4706
431
9145
7196
715
8419
7212
235
7853
736
1771
2110
3674
8815
9144
7068
4939
9175
1562
8799
5768
7809
1564
5152
3254
1383
775
1072
1270
1159
890
9467
8390
5851
2145
832
7732
7330
5603
8892
8368
4302
8964
2697
5745
9867
7888
9809
1012
8572
7636
1124
8343
580
2177
6240
774
529
7262
3791
9061
8679
8413
3054
1322
2745
5738
2682
410
5274
1610
2926
3415
1675
5383
8167
3208
9028
9602
6095
5397
5659
3618
4775
7155
3146
194
2511
7460
7039
2644
4686
6494
4071
4346
5660
2474
9923
5996
3638
5858
6593
6576
8620
8891
1302
5334
8948
8356
2452
8570
9861
7663
6803
3707
1082
5585
5847
5657
4925
7914
6440
149
2753
1063
8811
8790
1171
7165
5709
2532
7594
212
2572
501
7878
2942
9969
3303
2422
9997
957
7369
962
2984
9189
8288
5652
9090
4615
3198
1806
1827
2444
2702
6933
9595
5428
3700
9523
789
7621
7504
6700
5714
839
5835
6179
6851
6601
877
3942
1637
327
6394
6261
2939
5192
1022
1525
9100
4669
8960
7030
107
3116
8592
3141
5165
3735
176
6688
5387
4462
4464
6591
3630
4970
3800
1015
9389
7260
3865
1787
9847
5961
9763
9812
8264
6997
8143
6152
8480
8940
2472
2796
5368
3581
2251
4143
7389
5494
9904
7581
1256
966
195
6192
6920
15
1774
3839
4570
3753
4862
3564
8801
4881
552
1664
6243
5556
2415
285
9585
7059
3816
8569
1760
8047
8182
3814
5347
8278
5225
6416
6374
9236
8461
5051
9116
5353
7833
1805
7666
7391
8219
8623
5973
5711
4722
5050
9262
4666
9452
4399
4770
2142
4977
5766
5014
6799
126
673
5324
1366
3251
5457
1077
728
8496
2517
852
2805
6978
1600
453
9234
722
4674
3696
5102
9964
4723
5117
6491
1565
4937
211
3172
8523
7099
3591
4445
5674
8752
9305
4121
2523
5734
1371
6691
1090
6493
5797
8366
5842
3009
7408
7350
1786
1598
7941
5884
7953
8159
8024
6083
3064
3281
2332
1936
9364
1530
6200
1054
7899
5569
3041
1663
8534
6707
4720
2461
2417
7067
4031
1098
2635
39
607
1588
2031
8077
5286
1884
7061
5079
498
3290
1115
3422
6838
2220
8736
3703
8641
9504
7259
4384
2534
4610
9604
74
1080
4439
8859
3007
4171
6692
2833
9894
859
5574
1793
7321
7146
9128
5498
1739
9757
3062
2606
6078
8970
9780
9078
8221
4648
7070
2823
6810
2442
9682
7580
6968
9708
698
9702
3486
587
7418
3889
6490
1480
9223
3649
7409
5416
45
972
2512
2476
3568
1618
2549
9658
6964
6840
3320
6568
424
1110
6149
5832
9866
1997
8187
5320
5715
3437
9258
2470
4631
1478
8321
232
5672
9958
2596
1605
3229
8578
7420
649
8184
3671
6443
6088
5472
4816
6718
9325
8965
4238
9383
7175
9863
1321
4760
5056
1510
1084
1458
3654
3460
7891
8715
6447
4742
2109
1667
2487
7269
391
7875
9592
1613
229
2750
2126
1477
8061
1992
4978
4311
4629
3458
9422
4558
5248
6287
8577
217
4857
8971
9153
422
7831
4243
6526
1505
2915
1327
4344
3613
5092
5076
3776
6823
697
3746
4790
2844
4810
951
4983
6304
6633
9202
759
2648
6782
6595
5868
9399
1724
6856
1368
3441
5068
5178
9487
9580
1176
7343
5818
655
3692
7658
5128
90
5020
8131
9221
908
2124
7470
915
3733
6732
339
977
9449
2226
3511
1688
8195
3417
9516
8698
4823
2585
8053
7966
8070
8364
2121
837
7613
2288
1079
9333
8002
3108
5282
4957
1263
7493
2665
2306
3826
8879
522
1891
4754
4460
7801
5960
5084
8979
470
6044
6507
5855
8783
9046
5665
5446
9103
6956
9375
4304
8378
7414
3013
6127
9681
8404
4422
221
9995
2629
8016
1193
9459
928
5003
302
2059
4933
7057
4419
9544
220
5264
9957
2760
6338
4326
9669
2571
929
598
7455
8629
7532
4495
8297
3693
5918
3836
2209
7442
9566
1922
2063
2040
9482
2632
2569
641
8895
2143
6214
7354
7635
1684
2968
8763
6689
2613
25
635
9002
4182
1350
910
4220
809
1693
6099
1534
8256
8270
4750
8259
214
6102
3347
8538
3386
1360
6565
6361
4111
6678
4320
4315
9342
8650
5641
6802
6775
2333
5997
1531
4239
3644
12
1134
2269
2378
8785
888
1572
5895
9021
4891
3225
7076
3256
4822
6846
2491
9279
1544
5967
5981
2256
4913
1685
6567
692
3285
493
9407
3210
3702
1035
721
4388
4827
5985
2441
5875
6354
1701
2518
2346
2323
2930
8821
9423
366
8311
8989
3076
8255
9420
231
7072
6841
3002
5063
6814
9362
4856
2131
5757
106
8019
4563
8793
8429
7044
143
9536
319
738
6606
6480
6533
1661
8514
7120
6675
6284
5254
2141
7128
3562
5184
1428
542
3905
4322
6483
9024
8554
5977
4573
9836
5431
5854
3663
9388
2004
5933
987
5748
2286
5288
6869
830
7207
9547
5939
735
2986
7930
8217
27
8223
8558
7310
265
4678
4420
9140
7803
8064
6670
7756
5558
4053
2166
1140
2213
3926
1204
9346
1907
6520
6069
4357
1602
5597
2345
9839
6038
6705
7281
8912
6867
7012
3369
1831
9110
4068
754
393
6136
503
6631
6848
8502
8913
2138
3832
5025
9393
5220
1539
9940
8245
1862
1864
9777
49
1211
6462
2027
720
8741
7775
872
2198
2544
740
1889
4234
9080
9413
1952
7333
2955
713
7777
5877
1448
6159
3778
7600
6055
4945
2848
6172
9917
5010
4769
1185
6190
724
250
2742
3395
197
2292
9490
776
4557
9139
6180
7911
5753
9729
7855
8840
7144
5886
4178
7622
6330
3277
1076
2672
3425
2484
2395
5236
2367
7784
2698
7949
7523
3935
5268
6519
3419
1931
8651
5629
4812
570
5894
8071
4677
2169
804
2206
6979
8127
4974
1526
4292
7633
6000
5
1046
519
2184
1614
521
7738
3963
3317
9179
3986
6056
1673
4851
845
603
7278
6174
4712
5834
9967
8990
785
4646
2364
5313
9744
7468
6250
2687
1627
6308
6052
9299
4131
7112
8062
2510
5460
8299
1182
8031
3710
7293
2011
4660
1074
9921
9630
2407
1527
9159
9597
3408
2610
4949
1971
6141
7573
4547
5311
6076
1391
6786
8867
8713
113
8769
6845
9555
5892
2861
1260
5424
9766
8178
1812
4738
4400
6241
3252
364
2064
7527
8622
8038
6009
2790
9446
7249
6178
5040
7944
7463
2800
1738
1213
5490
208
3105
7218
1780
9431
1946
4201
2224
5055
3379
2339
5158
4728
5315
3462
2239
637
1341
3123
3004
4601
5408
6302
619
547
5386
132
4692
8998
9059
6390
5183
4084
2167
9213
2293
4032
4761
842
4776
4091
4503
1491
4356
558
6293
2901
8787
7972
8868
2103
5937
9096
2017
434
6502
7236
6756
2711
9170
2799
3550
1672
2636
1878
6638
6209
7868
8826
7771
7132
9267
8353
7001
169
1813
6572
6160
1297
5905
1563
5365
5618
7861
183
3390
5478
947
7757
4762
8974
7848
8394
2494
7384
7014
1807
1790
1420
4682
6295
2601
1149
7105
4861
9913
1172
8338
2305
9538
9146
959
8645
3595
8421
7410
5231
9448
8325
8549
3737
2539
5442
4145
2783
2949
9154
7156
4737
2137
247
3179
9578
1433
7886
7837
2868
2506
4814
1746
3824
2834
8563
7341
2344
8949
8862
2630
9418
9677
1427
3810
8454
5831
234
4516
8257
6898
8920
6828
6501
4693
8796
507
4127
5321
579
9683
8055
609
9743
9284
2171
7017
6173
2967
9367
6048
6696
3825
3975
4989
9119
5671
4023
1872
2685
923
9530
4683
6086
7610
7921
9634
7316
397
8728
7659
6314
7401
7034
5062
3755
3361
4496
7465
4871
454
1375
9733
6371
2886
7862
8575
3403
7969
1446
3348
7716
1745
3074
9907
4318
272
6960
497
4564
8853
5445
8230
9726
5380
6161
2582
4920
3063
9237
2809
1324
1219
5114
3078
5013
900
2940
2731
8101
6317
6224
2987
5598
2768
5645
7742
3537
7349
377
5746
4212
8804
3127
1682
2821
6458
8576
7564
6998
8863
1143
2875
7229
6797
8022
827
2297
4662
5409
394
5627
105
3593
4846
1888
3060
5655
1596
9943
4736
4376
6499
2234
867
2818
5654
1147
1800
7025
3669
5436
7228
3931
7400
2982
9764
5255
3224
9009
7385
9056
1519
7472
5181
4815
6476
6252
3326
3847
3717
9701
1917
627
7667
7711
3410
8427
5561
7625
1970
1841
7994
4538
18
7758
9033
7993
2653
7867
6789
5808
4998
3443
4441
8460
8672
1597
5465
8846
7157
3972
1205
7549
2500
3742
7006
9914
1982
4136
7735
4303
7898
8306
9248
1595
2315
80
5475
1345
5345
5403
6392
4592
1928
2384
2990
9821
5684
1959
6693
3234
4177
96
4600
3901
1385
2744
7591
3502
8637
9934
4361
6143
7550
4817
4789
7066
8472
2404
7554
7307
5246
6932
475
1710
6232
8424
5722
8900
2788
7701
1040
4465
9053
1467
9802
7231
4092
16
296
40
7490
4021
573
1
6879
8186
1881
1426
3626
436
4794
1794
7190
3574
9186
3407
8873
9636
3560
8331
1933
608
9886
5538
572
2266
4197
5785
3876
9472
325
7649
2456
4902
1361
3679
3891
7634
5411
9553
4608
9941
5406
3506
2022
9659
4055
4351
7755
5856
6401
331
5648
3087
7246
4262
8937
2514
2481
6544
4191
2597
9245
7285
3173
3653
8046
6620
3822
7743
791
1287
3478
1246
2215
2244
9583
7074
5204
9519
7552
8350
4636
7838
7273
8243
556
4054
7432
3325
8377
4514
5007
5953
727
4158
308
8373
828
2937
3517
1606
2410
8126
9633
892
9654
846
3339
2072
5139
3038
157
1521
3616
4638
2991
73
6660
9022
6608
7254
9488
5295
7288
4482
9942
7856
7003
5032
5447
7796
3457
1951
3898
1247
6752
226
3744
2361
4613
1154
6644
63
7222
5799
7303
2042
3959
1126
5978
4407
9466
4193
865
5983
4434
7024
9575
122
4205
9169
1754
8286
4237
7576
1389
4185
2621
5957
7730
8380
8893
189
2087
2037
2069
6918
6220
8751
1421
7514
3594
6984
5038
460
430
4626
2478
9646
9825
9251
4
2118
2703
881
6657
9049
2803
2754
4375
5209
5687
7109
7583
2298
624
7873
6934
5956
9698
980
8367
8003
5005
5824
8877
9323
6743
9826
2021
7850
4870
981
782
921
6911
1897
9358
4440
8027
8139
1253
9735
7159
3567
3168
8345
452
8809
5853
6824
7646
9168
2496
4484
8820
2890
1388
6570
2168
1492
6640
4620
88
1896
3585
1522
3996
373
4959
7679
7397
7955
8699
6969
7257
89
6877
7100
5208
9532
1379
5833
5138
7772
4383
7134
6712
5962
9567
524
4425
1215
9993
1064
467
6983
1280
3125
3945
8284
7513
6451
9517
2120
2104
1955
9618
3016
476
4716
7459
2420
961
4746
2373
1680
4217
6384
1601
8583
1545
2559
4801
8359
710
1803
1347
5922
9126
1286
1128
5483
1001
1218
9687
3896
9782
3843
1960
5698
7562
2194
4295
9531
8401
670
9290
631
2399
1299
9853
3086
7291
8110
7598
704
2925
3383
7821
9900
8272
817
9451
3531
2501
6959
8164
8039
902
52
7553
8941
7368
2428
4479
4270
5911
9178
6066
4241
123
253
4409
5945
1279
281
7737
8089
7688
1259
3893
562
2083
9700
6917
9044
8418
8987
5874
4218
4449
5298
9454
6459
3294
4782
9054
315
2932
5418
2927
983
1911
7920
1344
5809
3182
5548
2225
6629
9164
5083
3450
9717
8993
7780
2874
2240
808
4396
2824
8222
4142
7131
5822
4680
8181
2542
5787
4528
6017
3204
6326
5346
4705
6202
2495
5510
5075
5857
8235
5595
8615
5729
1950
9310
1290
8149
6050
5517
3039
9627
9893
7011
7406
1604
7619
5131
1381
5077
59
5549
2211
9014
6636
8803
7361
9762
6734
8855
7227
4365
1230
9661
1810
1547
7778
2625
7263
9129
7129
7980
1237
7319
4805
8757
2245
8333
8830
1722
1877
6030
2387
2633
1340
5404
2804
1269
6928
5052
5515
2348
9063
1431
7364
5568
9386
9244
6228
7298
3781
4689
6900
3499
1756
4003
4756
6506
5622
3165
8546
8316
2187
1828
3484
3605
3573
4880
2522
9072
510
9167
5541
8739
7005
1925
7280
2831
7056
1422
7746
7907
3453
4774
7133
5394
2488
2005
6244
6275
8685
5240
6225
8295
6907
9689
2032
1579
3454
9954
9651
2392
5557
4006
6439
5563
8468
7162
4907
3230
6164
3915
4368
814
2357
1781
300
7312
3853
4438
8202
3761
2716
5094
336
1338
4731
1059
9073
1135
4923
4458
6864
3854
6940
3602
2210
4715
71
1294
389
7122
4688
9655
5197
5067
9748
3138
237
4213
5392
6216
6989
4172
5789
6546
6910
2372
5948
6558
8158
6938
2015
7684
3695
568
5382
13
6391
9076
7744
2683
1181
6103
6758
6553
7727
6090
6315
2894
5021
8001
8744
29
1991
1487
4005
7115
6258
6557
5914
4793
9035
3664
6740
3795
8455
533
5450
1865
3220
2779
8242
2296
9989
5639
7029
8100
3579
4799
4645
6150
7799
2778
1056
7167
8573
1003
6587
6023
7721
75
5135
9558
5885
6271
7040
2439
83
1118
8258
7585
2342
5767
2738
6727
9465
5537
4785
8841
7929
2678
2588
3365
5848
6328
917
228
1481
2195
773
8135
1449
6299
1772
6685
8240
9058
473
1654
1692
9966
5779
4597
3660
3336
9804
7880
9612
1658
5565
747
185
4655
4993
6808
4659
8241
7555
7979
6710
1250
3144
616
8945
8032
5093
3058
1014
7264
9787
7829
1757
6761
880
7647
2983
8249
5080
4002
8904
33
2383
7488
9961
312
2617
9737
1508
682
4242
4879
1677
7186
5290
1278
486
4954
9106
569
2740
2961
7483
927
9475
8361
7506
3750
2741
5119
6101
1778
595
8147
4098
4941
1239
2573
7434
2362
2623
5742
7142
9783
5367
496
2773
4561
4345
4537
3558
3911
768
9082
8823
3397
2248
2923
4497
2978
6965
4831
7375
688
6475
7180
8239
2907
2761
7509
4740
663
2151
984
6615
6409
9800
3747
2030
523
940
2025
4076
3879
8216
386
9148
2052
7205
8197
7220
6597
2891
1566
5033
270
1148
9510
9481
3187
9474
1483
7435
8069
7546
7404
5649
6359
3218
2291
5144
1656
7813
5950
7656
48
3024
6684
9121
1789
6881
76
4405
7745
1716
4614
9598
8613
145
3201
5893
8044
3895
8761
3192
9104
949
1349
5728
2856
6817
9785
5096
3509
4456
6839
508
3809
1725
139
6760
8521
8754
2865
4591
5159
2147
6931
7318
8550
8475
5188
2895
2878
7398
5588
3878
7266
4658
8957
4047
6016
945
2111
2505
2959
9983
241
9429
4915
240
1657
1730
420
360
9302
7677
259
7237
7457
8774
8157
8170
3190
8015
2159
1551
7399
5477
9340
1177
5030
4551
7982
370
3648
1444
1570
8537
7117
3214
7224
4124
5612
5578
8924
3143
6749
6843
1456
3401
3924
6120
9157
5451
5140
2622
2241
1479
6827
4339
3716
9539
9025
3342
3203
3136
6731
9550
847
1398
293
9229
4532
8927
4141
2130
6367
1814
5524
5186
5167
8935
5156
7452
8177
8962
3059
9410
5724
3216
5066
514
6913
4192
8310
205
8268
1687
6388
4199
1612
6372
3278
6027
6355
2911
9124
3439
62
4950
4515
6955
5964
8870
836
7013
8828
190
7353
660
8232
7283
5520
1228
9496
9831
1209
6412
1034
4115
9716
9173
8597
7926
1553
7612
2238
9091
4307
3189
9833
7289
7715
709
5043
7328
292
429
2125
8776
1255
376
3801
3988
1870
4154
3821
1437
8875
762
5781
433
5947
8347
1619
9505
1653
9668
7324
3623
2483
9657
2552
6269
1954
6807
303
28
1723
5281
5844
582
9138
3305
6946
3429
6247
2326
8864
5701
8006
9401
914
1904
6236
3257
8532
4910
8552
121
8128
6085
8850
5395
8505
5547
5607
1243
5865
3226
4083
1868
7767
2176
6609
3877
739
4415
1369
4354
2173
9788
1438
9143
3283
8973
4889
9929
3151
829
6512
8680
6432
9440
936
1901
8896
4758
527
2607
4029
9714
1399
1086
1329
3331
4316
1797
2136
5683
6185
4534
6559
7080
1094
6035
3923
5466
1150
6002
3525
6883
5328
4842
1146
3706
7510
4390
9356
9626
5242
8509
5572
1535
2165
3463
1468
483
9561
9131
5023
5381
95
2093
162
3023
1364
1620
1753
5550
353
4202
8393
4149
3112
7560
5265
6942
4034
2743
8634
4898
3245
9301
5805
8052
2438
2690
1411
8447
7331
5890
4621
3736
7038
7182
4569
2700
8171
3938
7185
4070
3402
5359
5042
3253
2733
7482
564
3273
9924
1993
42
2975
784
8250
1759
9912
8596
5860
2825
2876
3085
8276
9349
3522
2295
8491
1271
8360
5377
5924
8168
1201
1941
8722
9275
2128
4559
2888
5363
1732
1892
342
8105
8817
3624
1869
8561
5987
6630
7627
2730
8595
7626
1686
6427
6008
1452
597
7422
3782
8745
506
2727
3743
6433
8908
131
1224
6100
8510
1248
7539
239
5974
6015
7508
2389
8183
4336
9877
4387
401
5293
643
3637
1334
2944
1258
7604
6616
787
2849
255
4338
3436
1026
8589
2972
3025
206
3129
1528
3167
6107
8469
3559
2431
3651
9471
9890
346
7990
718
5591
6834
8902
2634
2919
419
6429
8296
4906
4251
2237
2529
8910
6171
6165
8106
4490
1131
4280
5206
6043
933
3032
1495
1857
918
5070
5163
2508
1272
286
4187
2036
1768
154
8145
5873
7169
7547
6058
8231
4225
1763
3432
7498
7900
6649
7720
5770
4781
6713
5710
383
5601
3095
7448
3103
730
7201
1162
9857
4275
8355
5127
8601
8518
7450
4240
7394
1854
974
3469
4350
2386
6387
611
855
6229
6376
5571
2071
4553
532
2459
6554
8574
6878
2281
2954
6175
3833
5366
841
8861
4552
8428
9808
2642
4951
4459
3055
578
4334
478
8317
9216
1232
5507
8726
6927
6701
7043
7901
9574
6833
812
8251
8832
9772
7261
1267
6970
2819
9463
3456
3768
4886
786
9623
5624
3523
3629
6585
2144
3209
6377
8539
9778
4896
3726
4778
6405
1169
647
6764
5702
6383
6986
1144
9113
4165
4901
287
7770
8398
2774
2993
7952
9786
4755
1288
1138
3350
4832
636
3099
4792
1501
3527
4914
9982
8690
1231
4179
7098
4986
8731
9125
8884
5314
257
2826
5343
7726
3235
2086
5920
4554
8977
5432
7194
8952
9174
894
9754
3301
4567
5876
1858
7152
9838
1783
9226
7191
2858
8109
5287
7783
2400
1691
2701
4883
9287
3093
2181
8263
9889
5195
6227
2755
7968
7652
2158
8603
571
3292
9849
5071
6139
8668
9295
8775
4471
3867
455
6680
1273
689
8008
2736
7041
2567
7174
6552
8661
163
5086
2035
4004
8805
4162
2199
7653
7774
266
1192
8430
6645
6379
2492
3513
3312
1417
7497
207
9936
6452
4971
7235
6034
7093
5581
125
3416
1568
8644
1847
8701
4721
9628
6872
32
7377
8791
8560
4116
614
2230
1876
3968
8786
7322
4818
2149
245
5059
7183
1932
9272
679
7586
5176
9176
7374
545
9984
1500
5615
9198
8969
3371
1634
3315
6148
6073
5680
992
3464
6274
5774
6776
2899
7584
8765
262
9864
7672
7160
2107
1245
2204
1470
6420
4603
9855
5686
2835
1119
8324
8302
932
3170
1978
9568
1235
2769
4487
8497
8111
4027
7764
4798
6398
251
9950
6029
1075
7592
810
7355
9435
348
1947
6013
1625
9332
7975
1683
4635
2999
4135
4894
3236
4855
6550
8365
1643
7048
4605
8290
2219
2969
1815
8229
6242
5941
5666
969
8886
2374
8314
9805
200
3705
6889
6186
2847
6156
5731
7253
8716
1965
347
8108
4670
2311
3849
4596
5218
9925
6779
7492
5423
3297
2595
2416
1796
371
4429
9182
9150
2073
731
3126
1083
733
1808
1623
4766
6564
4641
2490
6806
2146
5955
3860
1893
9911
6865
4835
8392
6739
3377
3685
3640
6639
5562
8136
9822
1818
6995
91
5147
589
6478
499
7116
6952
4684
7158
4809
5142
4952
276
6754
5542
6222
3823
615
1254
975
1207
3418
9829
9282
8220
6114
4509
8400
2936
4101
7595
7362
9888
601
7865
305
1581
2255
6821
3966
610
5115
9414
3722
1655
2309
1671
6335
3169
3565
2303
2016
8743
5901
8928
9456
7685
4040
694
7543
8060
5177
5266
3304
4797
3166
7058
4540
133
7675
8591
633
8545
555
3433
2440
3035
844
8225
8042
4990
5971
7596
3952
4727
4517
3081
3330
9470
7798
3289
1990
8618
2270
7807
1743
4890
4808
8313
632
651
3934
3566
7396
3608
944
334
6075
5723
8142
7824
6051
3914
3796
2398
2028
2403
7988
6543
6778
9120
2260
4852
3061
151
7053
7818
7193
7846
748
9645
5187
9586
7748
114
2467
6709
1509
1976
7602
3880
2770
6482
2463
1404
256
5259
1482
3264
9162
1423
5097
2660
1821
9542
7094
6924
268
2343
2997
9337
8369
3072
2247
1065
6047
8838
9990
4468
2650
4656
9238
8580
2294
8834
223
7992
7802
6211
172
5776
8490
9426
4203
2527
3711
9212
1758
474
9641
5473
7678
3480
363
8797
1330
3495
8612
297
7395
3020
2479
5989
3411
4035
2300
6375
3920
5375
9408
7090
6079
8547
2531
4953
9741
1996
3850
3101
1170
6977
3497
5810
9608
196
2155
8437
9760
6014
2513
8166
1460
9347
5154
4985
8504
8481
5664
2020
725
2971
3656
2829
9093
3250
1123
2132
5449
2013
2586
971
6259
7419
7154
8557
4298
7198
9637
3535
7248
2356
2421
1409
6836
702
7814
7445
5125
8033
9298
2123
8144
5331
5692
4917
5108
9183
9617
3563
5113
7305
4980
2637
2018
2477
5690
2432
8192
2524
437
7326
5174
2591
6348
4618
9524
645
2838
2466
8709
1196
1679
7629
5054
7184
6231
1117
8150
2077
3708
3434
1016
2857
7826
6885
6793
5339
3799
9650
6755
5596
5943
115
3156
7568
9965
7986
2114
8847
2335
1578
1843
14
5245
4435
1249
4512
5389
2922
322
4858
2530
9884
9273
5141
1045
5827
7425
7538
7199
8023
8329
6081
3554
7631
392
1129
594
7049
7206
6653
6539
7940
9994
6343
5243
8224
1942
6899
6790
8207
4972
3612
8519
5162
3048
9820
3131
2331
3808
8402
2363
3873
2453
9195
6422
2785
9231
3627
2560
4560
1023
7535
5073
4077
4568
4811
9032
758
9277
6768
5952
4063
5513
1472
9813
3556
7151
7327
7239
5813
825
746
9227
798
1792
7754
3500
6650
7530
4019
2574
849
3852
4159
8467
8388
5121
1784
9956
3255
1842
7102
6313
3973
1354
9996
9412
8446
7139
2183
1161
640
1752
3413
605
8320
7540
1702
6312
7668
3916
7957
1839
9974
596
2192
5307
6495
7763
9704
2556
4932
3104
6278
5470
8674
5529
5646
5994
5458
7913
9571
5027
5992
6094
8196
7458
8113
1517
8860
6981
1762
1386
7078
5461
6467
3925
5567
2628
6010
8678
7178
6347
1121
6896
2002
1538
4166
8450
7909
7700
9473
7166
7517
4401
5634
9166
3639
3954
7140
6847
3011
3866
2646
9069
5940
7874
765
1342
1078
7611
5454
4416
438
8527
7407
4958
9187
3295
2671
2391
4087
5479
7088
5306
8444
9427
4473
4748
8865
1013
2988
7486
2859
2693
3802
9543
8382
4081
5336
8153
4247
8844
2748
690
2231
7713
8403
4589
2280
5889
4668
1317
938
6849
3318
8533
179
9951
9938
7733
7566
120
3994
2751
8824
7843
6061
833
6153
8664
5299
2337
44
8486
1983
2390
6022
4650
5516
5545
469
6477
3929
310
345
2397
630
7702
1450
4446
5586
6588
8383
3583
6974
144
1425
4169
258
9660
6617
8839
6999
103
6936
4386
3540
9092
6134
7960
2019
5028
934
2836
1274
6891
168
3829
20
6724
3261
8675
2201
5291
2548
6356
8465
5533
9190
7740
1285
3338
1190
6425
2948
3834
2880
7578
1081
9587
1380
1533
8176
6904
1244
1390
8611
2299
6072
3385
6431
3343
8766
3641
4486
344
4342
8734
2627
3883
480
2436
3701
7533
2272
7967
4664
6582
6996
1948
2268
7906
188
3607
7337
4100
4430
1560
1694
9419
8010
3335
7565
3293
6461
477
7879
3811
5707
9084
8121
2074
1262
3266
1017
119
6783
8175
793
3473
4050
8598
2359
9030
134
5502
1153
9880
1638
5638
3691
8386
511
4174
159
7956
7753
4530
4433
3279
8688
3452
5279
7522
2801
6282
6400
9086
2715
4261
8918
7123
5906
9933
170
5456
1967
100
4194
7055
7606
4018
3194
4843
1188
2338
9372
7163
1984
1681
7505
1336
3466
5104
3098
4679
8076
7896
1372
7296
6415
5804
9246
3599
5480
8436
1275
271
1704
1767
9692
6341
2712
3211
7697
886
7087
3132
6321
7016
8656
9635
4960
628
8059
1666
4634
4233
9642
3872
5970
9819
8524
6126
6325
2992
7844
1709
3014
9158
2909
1214
2200
8495
1886
1007
8442
2599
5376
9188
5249
5927
5362
8946
5316
9695
108
897
2879
7344
9945
2393
6176
7106
1502
8746
9721
6524
5189
3031
658
6723
6642
6067
6065
8939
9285
3507
1155
3512
4367
2396
5668
7588
7820
8856
6618
6496
553
77
5980
800
7272
8930
860
3572
7188
2026
4609
6716
2669
566
9327
1823
7529
1229
6505
7724
4757
5337
2267
4489
6788
7332
6535
5469
1761
2616
7692
5908
8559
8133
6489
3311
5190
5859
7804
901
671
2811
8976
4702
3529
4119
1346
7661
7782
3171
6098
8346
7521
2686
2454
298
7423
8199
8021
7314
6854
5284
7050
6596
3163
4421
8887
3200
458
7825
9303
2598
3786
9751
9417
9600
1708
3757
8074
4562
4204
8193
8808
576
3617
465
9177
1853
9616
238
2112
599
1652
1103
9377
2564
9926
6850
5984
2079
9818
6542
3150
9723
3548
5915
1475
7121
3240
3570
4576
4431
101
9985
6309
5535
3913
6360
2815
8934
8163
4813
960
7808
7925
1216
4523
8923
9108
3135
7203
2257
1573
9541
534
2401
1454
8795
6902
2406
6032
2870
3766
2105
5925
5203
9584
9209
9511
1301
3964
5576
1414
6163
5580
8119
3557
5769
1788
5913
3763
6603
4374
2872
1826
811
8425
4362
1057
6366
1731
7378
3323
8423
4214
6683
5022
8234
4291
9219
659
1648
3643
9097
6235
6262
5546
5620
8088
3582
1987
3645
1165
6479
3239
7852
8806
3775
7696
3699
8894
5521
4106
1300
5862
8911
3184
7462
4008
6125
2053
5196
4224
3360
8287
3412
9932
7761
9334
2791
161
3828
654
8206
6205
8204
3670
6992
8662
3501
6842
6113
4067
4864
6741
9999
6555
6677
5838
1734
906
5716
2661
3010
4895
1503
2091
8982
8642
4403
8540
1394
8319
1727
9232
3777
8387
2950
5840
4427
4602
2411
341
2423
5575
9379
6465
4506
6037
4293
1313
2688
5224
3504
1861
2883
931
6453
803
7187
9663
2426
6485
3841
9147
416
5401
3943
7965
2458
9458
8816
3157
2902
761
57
5276
8822
99
7686
6189
858
3272
462
9067
4481
1358
2578
955
7204
6599
8431
365
3089
7018
3748
6726
5371
4463
1378
5703
417
9596
6972
6327
7996
3438
3207
6626
3569
4103
9976
8129
757
8034
269
5758
46
5530
4510
9468
2962
4772
9613
996
9424
8542
1316
3830
4607
5179
8445
5501
7042
6198
779
6488
2600
8357
3030
1208
5544
2413
8712
2935
9185
2354
8483
2605
5499
8438
838
5764
526
8208
7984
68
2197
2502
6407
6580
3635
7382
9160
6238
561
1307
1465
4028
7243
7438
6655
6435
6721
9137
2908
6621
9774
2832
3589
2271
2464
4639
111
8265
5342
3223
7027
6230
6071
7221
6408
2164
2254
4355
6373
4821
741
5327
7670
6396
5778
418
5360
2867
9300
1168
9309
9699
2664
4594
4875
3102
9854
574
4209
4379
5207
7830
546
9705
2691
2475
1773
9366
1520
4784
6410
4947
3541
6602
4095
6656
5998
8091
6625
8054
8381
337
5354
4454
9254
7026
2663
8762
4922
9963
1442
8599
861
8014
5689
5954
6210
8352
5228
1359
1569
127
5191
5103
21
61
4289
5662
5990
3844
8451
5866
954
7226
6874
1871
6903
9354
5640
236
5982
5642
1362
4976
937
9988
368
2304
4188
5811
2739
1902
9288
7000
3276
7251
672
4734
4535
2358
885
2277
9204
3730
7446
409
2931
7481
1548
1958
2161
8700
7995
468
3542
31
1289
537
445
7762
4013
7287
2722
448
2329
6592
4938
7889
8837
5150
8876
6380
7597
6162
227
3904
4633
7693
9077
5211
6805
8087
8348
320
9136
9638
6221
8397
4144
5486
2088
8179
3740
9130
6303
4260
4624
7632
4747
5912
5730
6573
3134
3909
4627
6290
9242
1962
9573
6818
2905
5863
4044
164
5949
405
6441
3588
8326
7779
4667
7063
8466
5256
7794
3158
6624
3426
2290
4868
5210
1333
67
5617
2499
7985
9739
3400
6358
9286
2482
5160
5317
6574
9949
2094
7731
7474
3421
8684
7639
6080
1707
577
2614
7064
7171
7571
2850
5161
8174
3052
7413
6663
9673
7494
6421
1111
5294
7934
6006
5916
3815
4313
289
9891
681
7665
53
2767
7917
1552
8058
7164
554
3270
2430
2543
602
5405
1384
7421
8336
9432
560
2916
1217
181
7009
9257
9199
5308
5759
8961
6720
0
4437
4543
9848
5283
3280
3082
3684
1283
8789
9909
5644
9722
6378
1541
7725
2696
9791
6804
6219
3712
3724
3047
9811
3734
2228
9
8914
6096
1238
2519
5126
6632
6112
8417
4274
1543
1049
2757
385
9196
5695
9534
1624
5459
8406
8515
4147
2135
8720
8169
6763
1846
7989
7885
6062
9869
9803
4611
7091
8464
2641
1178
3974
6652
4779
7372
7883
7664
3083
5951
3592
7751
5145
3133
3552
9773
3381
5968
2566
6794
218
6948
8753
4064
4924
7340
6256
7669
2095
1370
9369
5806
1028
85
2352
3296
230
3110
4226
5166
9197
7097
3287
2368
662
3394
9052
343
8584
4455
9756
6958
2153
9944
3003
1382
9405
2565
5773
7051
4198
8906
4583
4991
9672
991
2080
8648
5026
8568
5505
8626
6787
6751
9992
138
9605
7473
1030
6811
4150
8522
314
7427
7440
6357
7747
4865
8742
6816
3928
8479
6937
5969
1626
3155
5823
2450
4475
1202
1867
5219
7240
4996
5942
9569
165
1377
5663
9066
4264
7641
3077
3246
4120
8434
621
6418
9489
5531
7599
3119
209
7130
9572
87
8926
9807
3428
5566
8267
6301
2102
3870
9352
9051
6750
7449
7870
6500
5118
6672
600
1749
2580
4729
1062
1451
4140
8617
8778
35
184
6297
8530
6722
2023
4075
3244
340
5972
5878
8548
3389
9294
716
3051
2568
3661
965
8041
6045
7518
7734
1276
180
7036
7032
7919
669
3855
2223
2115
7893
3965
4931
7541
273
9469
2581
3181
1356
6191
9208
1558
8866
5310
9200
4586
1459
3897
8975
2913
9765
8084
4037
565
8773
6664
248
8140
1488
3012
6218
4649
4066
5202
4788
3217
5164
7866
2242
2780
1574
9769
1315
1200
9862
7662
5610
1112
4308
7680
7352
9247
4867
9850
3373
3774
5120
4930
1199
6145
7871
1617
5234
1151
2085
3376
1583
4413
1628
5237
3807
1142
6419
4364
7211
1367
7817
4733
8590
306
3269
8953
2493
9071
3496
1550
9220
1542
831
65
4773
8337
171
7793
3657
563
2749
4096
7749
4585
6319
3990
6307
8978
9335
1277
3658
6129
5993
2841
7426
5817
788
1141
5146
9396
7766
5098
1769
7618
1266
9779
3771
1303
8376
2351
492
5330
4834
8544
1799
414
1751
1298
8462
4065
8555
8050
7768
2694
8932
7655
7250
1529
6213
117
3978
2953
4909
2970
9789
8996
6906
9045
6857
30
2855
2789
5539
6517
9494
8767
821
7412
7841
2134
380
8078
9495
2981
4878
9397
2355
3493
4282
7710
128
4874
2717
2794
2353
581
8104
1695
5523
6888
17
9180
5199
1291
1304
4508
995
5525
7643
9749
9707
3765
4507
6548
1690
9882
8594
9770
8660
1635
9554
8966
6676
7939
6919
8203
8125
9873
3864
9551
9502
3284
4122
5087
1408
4175
9747
8579
5390
472
6351
6169
4806
939
1496
1785
5691
8647
3045
6
350
2010
2375
7750
484
9039
2185
9817
379
4644
5348
656
9256
9370
1032
5124
5201
2216
2265
9878
2054
3677
7528
693
98
43
5829
8253
9876
2058
8233
7991
2313
3316
6529
6291
4128
4869
3571
5518
3380
4137
8315
2096
5735
5880
6121
4579
6131
5058
495
6610
4582
4208
3547
8967
1930
9317
1225
2485
4038
9250
7359
1498
3939
3346
9615
9380
7608
9892
2003
6046
9841
5440
7114
3610
7475
6294
9395
4511
8188
4491
3097
3840
3524
3958
2699
1776
3334
9409
4366
7563
7511
3100
4836
822
1875
5413
4392
3632
7270
8959
4625
8045
1133
5923
8246
3604
3232
719
5300
6527
8604
1979
2921
9447
1791
9691
8827
5006
6988
3642
3884
5239
586
6279
9674
3545
6270
6923
2862
8878
667
2647
4850
5292
9503
3863
9644
5883
412
415
4271
732
3948
7335
3001
7932
1406
6182
6472
4378
5626
7943
6411
9750
4900
1403
3079
1331
7181
3073
1737
751
4791
5422
7086
8492
6589
3197
9715
8719
6665
9421
2497
4478
3668
9225
5732
1194
8009
7644
4001
9107
219
1048
778
4544
678
4041
6943
7640
9922
1186
4097
6300
1913
5632
6039
2714
1632
4200
6280
4060
1894
3590
5301
1489
2070
9920
767
6334
6316
2807
8711
9018
4195
2747
6792
6584
3498
9563
2451
3985
4572
8689
8898
8123
3430
7673
7882
5492
3183
1435
97
2973
1809
851
9101
6563
1740
8567
2081
6426
1187
2680
6662
6473
9111
8374
712
3678
6423
2468
8056
8498
2154
4548
9520
471
8525
2098
1396
8854
4283
2817
4277
4826
5260
2047
8671
7031
648
856
7507
9693
8901
6711
1741
8692
2526
1100
3601
9732
8351
8339
7339
8201
6830
9499
6122
7705
7302
355
8412
3675
1706
2681
8631
7213
9403
451
5462
4086
3981
3405
882
2771
3621
304
5493
5540
2929
4604
3862
1549
5532
5309
5907
8028
9363
1726
5679
2360
7454
6318
8606
3299
1662
4566
9843
3783
9559
9906
9758
9552
9480
2822
7402
9493
9902
6020
4317
3577
4389
6890
7707
893
3354
3028
5625
9895
835
8274
5898
3027
8189
4726
11
9792
6386
9478
7616
515
7690
2846
3388
8075
9648
5110
7143
2898
8485
3481
4833
9008
6457
4643
487
2065
3767
4088
3886
3153
199
2328
3953
9384
7773
9455
6549
3472
8161
9050
3906
1180
3128
136
5887
2956
6268
7792
1779
1705
2570
7816
2122
4423
2287
4269
2341
3130
7537
8248
8565
9259
1515
2382
3982
4259
7028
9977
2349
4494
6930
4288
9653
2765
1811
3291
6654
8955
9430
8872
1537
2787
2928
3518
3071
3619
6097
7126
6916
3508
8705
4525
440
1845
4574
5999
4804
5737
8758
1822
2726
2618
7467
354
986
3455
862
3526
9752
4504
2
155
2515
1832
5609
3628
5928
5272
5740
5744
1924
6484
9599
9885
8829
8788
5414
7197
7638
6444
8800
9899
3580
5271
5448
1365
4467
6748
2316
4221
7859
3875
2433
5900
5636
6812
958
456
1557
8499
4167
1641
3066
5002
1473
5593
1105
7347
2536
4160
769
5419
9528
3186
7963
7558
3851
922
1506
9610
875
8254
3555
441
5496
2728
1233
7137
6868
4877
6249
4730
2038
3803
997
3636
8958
913
8102
7815
6492
7832
41
5777
8399
8049
1296
7336
9742
4944
5621
5304
3050
8954
763
9296
5633
9874
7035
5903
4369
3731
674
3036
8318
3195
9896
8707
7805
7765
6448
5116
3321
1571
1580
9905
3490
7987
6686
2941
8214
797
3268
5534
9688
8825
8781
7847
5599
8194
1935
1918
6725
7997
3488
6168
5590
967
6438
9690
8889
7933
7447
2029
5743
6132
9109
1439
7884
2449
700
8349
2447
6206
8305
1402
8737
9665
2381
4007
6281
9064
9264
8173
8903
3180
805
3327
4967
6704
3754
8723
2974
8309
606
4331
2180
2852
8291
2034
781
6082
1037
3477
3603
3838
7320
8281
6142
708
5044
19
9438
7317
8909
5825
6195
1236
834
5514
4072
1281
5803
3598
1114
7202
4935
8107
3510
8621
853
7047
5078
6738
3720
2689
352
246
7108
1067
1903
338
5802
1986
9306
153
5694
896
9479
3960
3022
7623
7842
4984
2097
1703
4536
8148
1104
9442
8409
2150
3818
5794
8511
760
2278
5704
2964
3044
81
904
6337
8501
8459
8124
6026
6944
5482
9141
4632
2777
7019
2914
9462
3409
9374
6781
1728
1097
2409
7908
5488
8085
5481
8198
7973
8836
4078
1107
7839
3596
4327
5582
5341
4999
2340
6215
9509
5100
2851
463
5372
4168
5230
4310
3682
2587
1748
7902
55
2427
3154
8512
2802
9297
2869
5143
3177
3606
1885
1220
313
9775
9842
612
807
1025
2113
6091
3188
3366
4329
1019
5749
5869
9823
6575
5412
6428
6370
8905
7849
6659
7559
8115
8602
8273
2264
2764
8871
3491
8520
5713
6514
8269
1257
9919
3955
2090
6767
5205
7104
2881
6774
7147
8506
2179
7927
6651
5435
2462
4599
7589
1387
4104
4151
8654
1284
5391
6464
9312
6697
7258
4786
2713
5678
7149
5904
9881
3222
705
5305
4244
5194
7247
7736
1052
4724
7383
3118
1670
404
1755
1963
3633
1594
4921
726
6728
5675
321
559
6042
8632
6528
2820
2965
3067
9029
889
9710
2631
620
7256
668
3516
8869
9382
7276
6365
4849
9265
6333
9398
664
3212
504
5253
5303
4414
5155
9590
381
919
6070
588
5699
677
9210
8663
9979
9514
5273
9860
5358
7277
9315
6385
7876
5736
9664
3912
3871
3930
7085
7284
1696
7274
9879
7938
4059
870
4840
7970
898
3937
4988
5438
622
9031
1436
9588
7976
9576
5583
743
4768
7124
866
820
4995
6257
7637
4780
6635
5277
6912
5355
2203
6742
1167
3205
686
4606
4314
9060
8536
1051
5251
1109
5112
8858
9947
3329
1523
9441
6594
166
3659
4502
3917
8643
2106
6184
4965
4170
9498
6796
6737
9980
8493
7387
7785
2813
7776
3790
5509
7271
1311
6719
5172
2724
8564
1866
8396
4580
8420
8371
7275
9260
9485
8097
2806
2840
56
3969
6641
4105
9359
9816
7548
4948
6730
1715
7300
7008
1050
2735
4598
4717
3148
4520
8165
7892
9012
1020
9937
1863
512
2075
2156
3423
3084
744
6406
6875
2985
9631
2193
2379
4297
9007
1002
1466
9241
4651
466
6990
2076
3946
8332
4146
2793
8646
3262
9827
7806
3729
509
9201
3857
2380
7525
2480
1261
9865
813
1782
2191
8988
745
2050
4245
5464
9048
2528
943
6569
6560
6430
6277
8132
4249
9004
1292
9546
9027
1226
9667
6893
4176
1332
9931
5109
2649
5137
3650
9023
8271
8956
4973
443
1689
1474
990
1443
7
5676
5169
5861
1801
2759
6523
7910
2089
752
6074
8503
2977
1676
9955
3384
7717
5000
1484
3536
3080
3749
7587
9105
7161
130
8649
4207
9192
8112
8733
806
2594
1093
9725
5826
6053
9918
4114
4360
8581
3587
4963
9283
2327
584
8670
8415
2370
1646
9533
6332
1191
2045
5275
2659
7845
6679
6133
50
8588
6399
2060
4453
9345
3999
6586
8772
1212
7795
2897
591
1576
3977
4550
5750
4444
7136
2243
7691
4126
9501
9647
4412
1108
1179
1593
2734
3741
850
644
3114
766
8718
9953
4299
1314
8667
4266
994
1900
7323
8301
7516
3344
9319
2119
883
5651
38
150
2307
9268
8484
1175
2044
7084
1926
6203
3113
941
8025
683
6561
7904
2684
8260
2419
8030
2066
4418
8882
4830
8819
8676
2350
753
5364
7928
6323
261
7683
1698
2275
6714
3019
3358
3900
60
3756
4912
5718
4268
1700
2989
1027
3227
4286
3845
1714
4404
6310
3869
6581
9680
7609
5332
6336
8614
4079
4024
7069
1905
4183
5670
1591
9038
575
6087
3164
3040
2763
9218
9017
9720
4828
6504
3921
3487
2816
5333
8807
3667
5616
3444
3688
9798
4330
7971
907
717
8470
6005
3332
4263
4485
5594
8755
5902
3372
8114
924
5712
9115
525
2884
6151
3237
3715
5175
9255
4841
3861
1412
863
2377
714
192
8714
3631
9868
5814
7977
1441
4155
7787
3665
6949
7526
6598
5322
4062
4751
4882
7313
9970
2302
5932
9088
2946
1310
4258
3145
2746
7282
8395
6059
5899
9353
4232
5350
4927
7306
7981
9736
5344
3021
9484
4324
8411
8342
3306
8652
4838
9973
2062
5650
9381
7620
66
7739
2208
2814
2912
1639
4156
9806
6908
4048
1916
9304
5222
4290
1712
4541
4402
4377
8372
8362
1855
879
4975
8727
8933
6272
5441
318
9324
7083
5935
6170
2229
6698
5319
2067
8529
2721
5261
9118
3382
461
9557
737
6769
4186
9624
9768
5726
9222
384
9434
9194
5057
8017
6801
6863
4184
9565
2162
3961
3109
2435
7148
4505
1879
3479
840
638
9828
4273
395
6832
7484
3947
7477
2498
5099
5009
6146
4363
8777
3476
4899
696
1305
426
6234
3918
3718
9678
6116
7682
3858
6194
639
7299
2376
3519
9034
3993
4961
3243
5129
2056
5801
1009
502
8488
6155
1816
490
4710
9910
5047
1145
9037
9859
174
6791
5082
2207
2252
4545
3448
1825
8729
7334
802
6264
3017
284
3892
942
1611
7657
5798
7567
6975
6019
5250
3534
1158
9293
585
9011
7687
7496
1964
9152
3368
3874
8029
9411
109
479
8244
8494
8725
6140
6699
4255
4294
1395
2186
9629
8247
4824
6434
8696
626
5232
3160
1373
5587
7073
8020
8294
2388
819
5046
711
3247
557
7485
3813
6798
3992
7728
9336
6963
5979
3043
3784
3676
5226
2553
4500
1357
148
2048
9102
4539
9171
2853
6583
4918
7101
10
1966
5244
1972
9291
3231
4690
3979
993
6929
5839
618
4739
8638
372
7624
9457
3357
4466
5338
9339
147
5592
4863
6681
3689
7292
4043
3739
3615
1355
6702
51
4946
4129
4872
7860
1824
1453
8476
9112
6530
9801
7370
544
9263
2233
4926
102
8327
9416
2603
3374
9074
2486
905
9799
1908
1293
2863
1102
5864
1650
6604
8005
9852
8627
8340
2620
9132
8983
9326
9960
978
6437
2996
6706
8747
5602
5807
9311
3831
6733
6987
9460
7760
1833
216
8134
8146
7315
2172
1325
9761
423
3817
5573
330
1940
6577
8986
1184
3951
6757
5500
7020
1934
9331
6511
8099
4718
8944
167
1069
8899
1326
64
6404
4284
9927
7903
4099
2190
3780
6395
8760
5673
4777
274
7215
7052
9639
7822
8482
8279
5623
9832
6966
1210
6953
1183
9794
7890
7689
4732
755
5270
2182
3221
7694
6658
2934
3451
3652
5643
5897
2521
9731
6340
3124
2196
6941
3611
1659
5212
9776
5039
4672
3868
5543
3997
1895
3106
4964
8011
5106
4196
2772
444
8749
2798
2917
4014
3140
5780
4157
8312
5579
7189
2471
3578
6687
7931
2174
5688
3662
8526
4854
8300
9057
7411
6197
7424
4844
7854
1066
756
5700
826
7545
4285
5101
2279
7232
617
7010
7195
8636
4587
5790
4929
7179
5193
7023
549
8814
3000
5843
6880
1174
4325
8200
3260
1977
9697
1282
4328
6623
6545
7216
3249
2084
1068
4483
7079
8543
5564
2673
1973
6024
3393
4661
2148
6442
6971
1584
6292
8708
215
3191
5966
2795
8885
110
4164
6516
9270
6402
1719
3467
9361
6283
7500
6263
1660
4800
2448
3723
5836
6177
1718
9609
7192
9206
816
2324
3351
9883
9593
7561
5772
1038
4994
6861
4090
4787
8066
5795
4943
2662
7674
8456
3288
7037
3483
7942
1374
5474
2904
6362
457
3324
8562
1859
1132
4039
6935
8831
6914
590
2437
3989
6413
3308
7569
413
9135
8308
1589
4380
857
8162
129
3976
6364
9161
6128
279
8408
5635
8750
9276
8759
1674
5784
8508
9428
485
8432
6668
1819
3962
6251
8190
2525
4227
5132
6643
4765
1836
6922
5417
7219
1802
4616
4675
3609
6703
1041
7356
1999
5060
8609
5065
1088
5069
6036
9055
3356
407
5388
1577
1998
950
6993
9404
8936
9181
4701
4934
6424
2615
277
9713
7141
7297
953
2947
8724
9959
6876
8738
2127
3983
6945
4323
8473
2469
421
3378
2557
4575
6819
4085
2214
5434
9476
178
7916
8770
869
2418
5329
2952
2414
8083
2792
7054
5031
4113
1860
8
7075
6049
4714
1957
3520
815
3307
8228
5351
7729
8669
3625
2562
4676
9207
3758
6590
973
9376
1852
9526
1851
2425
9492
884
2408
7709
9560
7574
1432
4847
9734
6735
5035
9019
4117
8740
6345
1029
3152
1989
6765
4219
703
8426
6831
9901
5374
7471
8842
7515
5168
4752
4051
6897
8212
5053
1561
2473
1665
3902
6346
5269
4080
5263
8883
8721
4581
9149
191
7654
1974
9343
1838
8929
5896
3465
2656
634
8794
824
8513
8703
7512
5252
2457
1376
3622
8551
5630
369
4426
7617
7722
7544
5522
7819
7441
6909
8335
5910
6571
895
6844
6064
1980
2061
4845
2092
4962
1647
3728
2082
5349
9483
9506
5938
3956
3404
5812
3881
9266
9357
4432
8065
7797
8449
9321
2001
946
3341
6025
6795
86
7495
3265
8277
5233
4522
2654
5661
203
8710
3176
8154
4370
5048
5929
8915
3528
8048
7428
2626
5800
9062
5577
7311
5720
2314
326
4301
9453
2117
5323
1669
7978
9589
435
5095
6486
4767
2246
2657
5153
729
2140
6011
9318
4524
5393
7111
7650
4696
3714
3271
4700
8798
1405
329
6248
2808
6884
7286
8237
2963
2101
8919
1582
1777
5340
6894
2133
4393
2652
5074
6762
2202
4011
9581
3514
1621
7373
9870
7572
8717
5468
3309
7223
6858
3213
8608
5667
8155
3075
6866
1087
4252
4206
3492
9915
3530
7170
9696
7570
243
6661
7905
6344
8457
2024
3414
9351
1363
6001
899
8344
8630
1524
6138
7869
6446
4885
7365
6089
4042
3049
9142
6455
3908
6339
9070
3792
6826
3219
6201
1882
4010
8938
4107
5029
9348
4888
175
4069
6837
6463
2705
5221
4518
2503
4919
5400
3681
5519
2394
9320
3738
4619
432
69
8972
6068
5170
2334
6217
3370
5677
3042
6031
652
7065
7648
447
2619
9016
1747
5717
7607
9582
4992
1795
2535
9243
7954
6695
1000
1156
623
3322
1222
3899
979
4236
9117
3672
26
3174
8098
5238
2318
1464
9155
8489
9540
9307
4231
361
8067
1335
4725
8556
9759
4108
2068
551
6322
4332
5608
8040
6041
6208
8307
6119
3769
1633
9981
1504
5763
47
7214
1923
1407
1607
7895
2670
7002
4058
6882
8764
1944
6063
9512
9522
5791
4134
5280
8985
2877
9875
4531
2842
4406
4571
1044
1764
6540
4526
9261
6690
6813
1070
854
8950
4527
3655
324
9191
6503
5453
6117
9217
1071
1252
912
1720
2365
5004
1834
8471
2707
5946
4343
4704
5429
9603
7107
317
1240
550
93
3333
1766
4461
9709
8682
9292
6381
5415
6124
1494
6456
9252
6534
3137
3282
4012
9594
4450
7089
5398
7557
5213
160
4022
70
8043
4472
2575
1919
4577
5487
7386
4825
254
6753
1234
7153
2282
5669
6785
213
7524
92
4708
173
8697
2885
7252
5312
5765
7433
2577
1493
244
8779
7479
7660
7405
5909
8385
4657
9968
6289
6288
260
7858
3842
9289
5528
9837
7430
5921
7082
3162
5936
3647
535
9790
2446
8571
4394
5111
6450
8037
4853
625
1021
9313
8026
7812
1469
6947
2584
5497
9614
2554
1798
5589
6708
9671
7945
9556
233
3228
6320
267
930
5792
6773
8802
1988
9730
3820
4654
3725
2752
8665
1556
4132
6470
1817
1609
8625
5850
4529
387
9738
4428
1631
24
8141
6157
5455
8452
9606
9042
5262
6021
7651
1518
146
2864
9746
8341
4743
3789
3987
5653
2504
4443
7999
3882
1711
5378
2443
5061
2718
78
1914
7443
9461
1127
3482
771
7998
699
5369
1353
3539
4341
3319
6057
5399
2900
6115
9535
5001
2039
1485
5741
1840
1024
8624
4741
8968
2538
187
8323
528
3673
8080
4681
6967
5852
3494
5182
294
8138
9099
1434
7962
2253
7519
295
4519
6196
4578
9368
3634
1844
6647
3053
6852
7950
5326
5090
6352
5427
1337
9020
8160
7138
1203
2994
2205
1418
8275
4916
2507
3980
8925
3302
2129
520
7125
349
425
691
9846
9098
2170
1116
8292
5536
1306
9371
8748
4335
323
3704
4820
4391
6212
4695
449
5681
5157
7937
5485
4033
2049
2837
3445
8880
848
198
186
9679
5467
9897
1516
3238
4359
152
481
8156
4082
5526
530
2729
4671
8209
7308
6860
9228
9425
3798
7338
4229
5257
2756
5872
5133
9373
4593
2312
8063
439
1096
1644
1994
1130
5217
5775
5041
6276
1393
2371
4009
772
6745
675
6363
9529
5289
8586
3313
6497
661
7593
6255
8477
4265
3903
1351
7279
4253
4698
9013
1415
3970
307
491
4837
8215
2906
8018
695
6154
8890
3690
9040
9477
4866
7329
1546
1497
5034
9165
6611
998
9620
2639
1091
6682
6118
5373
2710
291
6961
7295
9577
500
8389
8266
3812
4665
8363
9280
282
5045
252
3932
6973
9433
4839
7309
4979
4795
7800
6106
6460
2212
4000
7022
7113
1829
4030
1268
7781
9694
5267
4337
6111
3046
5352
8686
666
7077
8407
8410
6518
1241
6498
7304
6510
3033
8384
6130
249
7461
9814
4955
4940
5991
8535
278
8640
2217
1921
1339
2546
8433
5584
1513
7388
4647
2766
1939
1392
2887
4046
3984
1536
2951
3835
1137
8835
4622
1410
8252
3489
2250
9611
6471
5786
1721
2692
5721
3398
9545
1136
5733
4968
6925
4228
4697
2152
3819
657
7200
6296
2667
225
351
1323
5830
8655
9601
7863
6306
3427
999
6667
5495
2385
482
2310
2405
6634
1835
6772
9095
7244
5762
1592
1699
9211
5064
3797
952
4997
3933
1765
7556
9365
9840
9640
2860
8704
4410
9081
6954
9564
7007
1729
9390
5215
489
4296
4759
3069
6853
1899
54
3435
2561
9908
6260
58
8405
3337
4189
5407
459
7923
6522
8073
2429
4887
7922
9001
5560
2541
403
970
8659
543
2854
1036
2465
8810
6060
4713
4312
7096
873
5512
7877
8358
2709
8881
2924
5751
9771
3275
4319
2434
1837
411
3242
8298
5888
4981
7255
3485
2810
2139
3142
8118
5476
9975
911
3907
818
7897
5719
1053
7127
4279
9355
8095
9391
1089
6532
2563
4796
8007
9625
7393
8079
9329
2960
8991
4884
4749
4118
3092
3178
7451
3442
6445
7390
1189
7752
6895
9652
1968
332
2945
3057
3785
5452
7487
2273
2261
2100
5821
7480
4093
8151
1400
7135
2583
4501
9205
224
2679
9525
676
8812
2643
7835
9415
2537
8607
4555
5410
868
2604
5036
5600
2301
6414
5965
4498
8657
1514
6744
7265
7642
5551
792
2995
2943
4452
4628
1031
6887
4735
8732
5296
9041
8673
3241
1629
1608
2827
2638
94
193
4942
1585
5793
5229
7092
4074
2116
6669
1603
1018
5149
8587
1943
5107
6578
4049
2221
7476
3431
9591
9215
5247
1004
6158
7789
7176
5356
4711
1949
1697
5975
5173
5091
6627
7233
5816
948
3470
4056
6747
2263
5185
4300
6188
8694
4860
2558
3026
1887
464
8303
2041
1318
1848
6311
2998
7582
6736
3355
5227
2704
1615
6147
5508
9464
4745
5849
3111
7857
3215
8282
2509
4457
6607
988
1927
5421
9978
706
517
9844
7381
538
3941
2321
1937
909
1599
3762
6873
3533
9491
3683
36
3680
9670
1883
6223
4685
1008
5019
9719
9987
8771
9781
1586
8218
6093
6305
6551
1060
6349
6183
7015
8984
4653
1804
1397
158
8103
1430
2892
4016
6487
6525
4017
1567
1830
7983
283
5015
3551
707
9010
5503
182
7645
4612
7209
8735
6267
7958
3446
408
6994
2033
7590
5430
3927
4411
1910
204
8289
6901
8633
8813
3532
7103
3149
9341
2910
4306
5396
2336
140
6436
2006
8185
6614
1455
2797
7346
4045
2938
5148
6298
3096
2866
742
6666
406
2014
8947
7961
5628
2000
2762
316
6674
6382
1413
6515
9445
5988
8441
864
7630
6033
4488
9815
4623
79
3094
8086
3794
2651
6531
2706
359
2918
7695
6612
378
9233
2612
9075
7575
7168
1898
1651
8422
242
2645
567
8122
5379
5555
3666
288
653
4542
222
4211
9562
5685
7371
6226
7095
3732
8693
2232
1447
4451
177
4549
7363
7918
2676
3505
5471
6007
6389
5613
8917
9527
9835
9133
2533
7045
4905
6199
4694
9810
3008
6950
4469
9094
6637
4908
4673
5223
7348
9684
4352
2719
398
6449
8818
156
8443
8334
4287
263
1223
7489
6509
2099
4349
6285
5870
871
9089
982
801
8616
2489
1055
7706
2668
2424
5693
9793
5845
7345
2540
9436
5297
5697
2046
843
1343
7536
6187
3263
5606
9521
124
9406
6579
7948
8354
878
34
887
4025
3888
2055
3957
1642
6886
9962
6353
5760
9235
7698
3503
4222
8980
7444
5647
6474
5085
2320
6012
3804
3258
3745
9622
6547
1462
8096
7238
3919
4257
6871
142
3056
2160
5443
5463
925
9316
5756
6181
8963
4819
4588
8639
2723
3998
488
112
1540
3991
604
9887
1242
3018
8152
9114
2658
7366
2274
8391
592
5919
8379
6619
2445
976
5420
9253
9151
8375
6521
1461
9350
3687
9686
5570
5637
8205
7881
328
2592
9392
4015
9703
4492
4340
4630
8500
3121
6342
7723
9043
6784
4371
5370
8833
1125
4424
8092
6825
1095
3827
8137
4163
7415
7436
442
396
1348
8907
1969
4969
749
72
4565
8516
5049
4703
1173
2545
9437
7834
3440
8448
201
583
4254
4372
8897
5489
5357
5682
3459
5931
9718
8600
1160
8304
137
5552
4590
37
7290
2551
1312
2781
6368
1195
8211
7840
9928
6766
6537
3233
280
9675
3475
4893
8780
1636
684
4089
1445
2776
3949
541
6673
7531
5527
4061
3719
9619
9360
8666
4398
8851
7577
963
4358
4966
6892
5706
1587
796
8999
1953
399
6077
6915
7325
494
4112
6265
7145
2043
7294
2602
795
2078
8857
4246
985
7439
2283
7177
9796
4102
5017
7502
2976
9834
8013
1058
5815
9394
6715
5934
5302
7851
382
5180
3759
3521
8553
3890
7947
5444
5958
4652
5782
5747
5761
1092
6513
4309
3362
7268
8474
6109
8658
1985
6991
9946
8843
4493
8683
9579
4617
2330
7208
9676
6717
3115
5012
1457
2051
1101
4499
9385
701
4448
968
629
3300
7351
6123
7060
8072
2516
2555
2235
2830
2737
7267
6780
7358
6980
7501
2903
6815
6921
4139
9003
4272
8653
6622
4477
5037
665
6508
7628
2593
9797
3538
333
2920
5881
7786
4480
3474
9952
8628
4709
4333
9322
6600
9163
4123
6331
2157
1622
275
7234
5214
6541
3139
2402
7466
3314
2896
8057
1010
7788
4640
3468
2579
4911
8730
3549
8681
9134
3364
6648
8916
4353
9005
5506
357
5604
4125
8981
135
1490
9087
3788
2008
4474
2227
3859
7828
7951
2325
4556
446
1945
4417
8756
6982
4052
3
956
1912
687
6468
82
1499
3760
358
1849
4763
4130
4180
7791
1929
400
2957
5959
531
3424
7456
9971
642
7712
6350
4138
8330
1328
3543
5926
5708
1085
7004
6329
4057
6245
1039
7823
9203
548
2276
7230
7924
7173
22
9047
5882
4026
427
4216
6646
3259
141
6538
6951
4533
9269
4152
9450
6092
1440
8782
8081
8051
5384
3586
7380
2677
3944
1416
8942
1166
1471
8943
3202
9328
2873
3727
3995
7437
6809
1850
4637
6939
9632
5426
6324
4408
1401
6466
8036
1555
6207
3575
1956
8691
7118
6254
7150
8997
734
5739
7615
9767
7714
1590
1856
3310
1733
7708
3193
1616
2412
7699
6237
1320
5200
8582
1352
9939
6397
4321
7703
4699
9378
4109
6003
2236
7769
4956
2308
1463
7605
4687
9026
6905
6855
8921
6004
1476
3561
5318
9518
8585
5986
7242
3846
9156
8463
5235
5754
1308
9824
9549
536
6859
1981
3885
5705
5081
7225
916
3359
6135
6481
7360
5963
6239
3940
9274
2576
6870
8261
5018
4771
4470
5553
7071
8677
1206
2366
2828
685
8180
7790
4663
8414
3471
1770
5820
2178
9649
3910
5696
5241
1736
1061
7579
6193
4385
9281
2958
8605
7811
6822
2812
646
7676
5437
5385
7301
1995
935
1264
301
4903
8619
5871
6105
6393
7033
3345
8093
8922
7172
3887
6820
1975
3787
5024
8227
5402
6417
7453
5335
7217
4476
7534
1043
3770
4691
9193
8226
9706
7864
6746
2259
7478
9338
5891
593
4276
3029
3349
9903